Table name,State,District,Area Name,Last residence,"Last residence","Place of enumeration",Total migrants-Persons,Total migrants-Males,Total migrants-Females,Duration (<1 year)-Persons,Duration (<1 year)-Males,Duration (<1 year)-Females,Duration (1-4 years)-Persons,Duration (1-4 years)-Males,Duration (1-4 years)-Females,Duration(5-9 years)-Persons,Duration (5-9 years)-Males,Duration (5-9 years)-Females,Duration (10-19 years)-Persons,Duration (10-19 years)-Males,Duration (10-19 years)-Females,Duration(20+ years)-Persons,Duration (20+) Males,Duration (20+ years)-Females,Duration (not stated)-Persons,Duration (not stated)-Males,Duration (not stated)-Females
D0302,0,0,INDIA,Total,Total,Total,455787621,146145967,309641654,17586044,7805017,9781027,63893251,21283776,42609475,60428975,18425569,42003406,94713188,25979400,68733788,146421501,35148111,111273390,72744662,37504094,35240568
D0302,0,0,INDIA,Total,Total,Rural,278203361,64703974,213499387,9786106,3916525,5869581,34944291,8139533,26804758,34511589,6876803,27634786,57728193,9894435,47833758,98989422,14186384,84803038,42243760,21690294,20553466
D0302,0,0,INDIA,Total,Total,Urban,177584260,81441993,96142267,7799938,3888492,3911446,28948960,13144243,15804717,25917386,11548766,14368620,36984995,16084965,20900030,47432079,20961727,26470352,30500902,15813800,14687102
D0302,0,0,INDIA,Last residence within India,Total,Total,449917418,143467652,306449766,17366706,7676760,9689946,63340666,21044225,42296441,59953065,18239698,41713367,93880994,25665354,68215640,143269910,33680536,109589374,72106077,37161079,34944998
D0302,0,0,INDIA,Last residence within India,Total,Rural,275416210,63588085,211828125,9685689,3856920,5828769,34716308,8063533,26652775,34294890,6816901,27477989,57311368,9778290,47533078,97476022,13554521,83921501,41931933,21517920,20414013
D0302,0,0,INDIA,Last residence within India,Total,Urban,174501208,79879567,94621641,7681017,3819840,3861177,28624358,12980692,15643666,25658175,11422797,14235378,36569626,15887064,20682562,45793888,20126015,25667873,30174144,15643159,14530985
D0302,0,0,INDIA,Last residence within India,Rural,Total,291960709,72214492,219746217,10755902,4494758,6261144,41628067,11999353,29628714,41151931,10683830,30468101,68370418,15878227,52492191,111704816,21796759,89908057,18349575,7361565,10988010
D0302,0,0,INDIA,Last residence within India,Rural,Rural,213759232,36841723,176917509,7193436,2674514,4518922,27984566,5706476,22278090,28434336,4914365,23519971,49302557,7398481,41904076,87340066,11074343,76265723,13504271,5073544,8430727
D0302,0,0,INDIA,Last residence within India,Rural,Urban,78201477,35372769,42828708,3562466,1820244,1742222,13643501,6292877,7350624,12717595,5769465,6948130,19067861,8479746,10588115,24364750,10722416,13642334,4845304,2288021,2557283
D0302,0,0,INDIA,Last residence within India,Urban,Total,105075338,45334257,59741081,5736082,2824291,2911791,18996803,8208373,10788430,16345025,6829337,9515688,22033072,8825061,13208011,25694559,10368346,15326213,16269797,8278849,7990948
D0302,0,0,INDIA,Last residence within India,Urban,Rural,26975221,10137722,16837499,1969216,995426,973790,5125474,2004236,3121238,4382466,1597554,2784912,5847634,1974769,3872865,6132014,1783846,4348168,3518417,1781891,1736526
D0302,0,0,INDIA,Last residence within India,Urban,Urban,78100117,35196535,42903582,3766866,1828865,1938001,13871329,6204137,7667192,11962559,5231783,6730776,16185438,6850292,9335146,19562545,8584500,10978045,12751380,6496958,6254422
D0302,0,0,INDIA,Within the state of enumeration but outside the place of enumeration,Total,Total,395652669,119597840,276054829,13835094,5701934,8133160,53350789,16338739,37012050,51532648,14494662,37037986,81896135,20648063,61248072,127059360,27189381,99869979,67978643,35225061,32753582
D0302,0,0,INDIA,Within the state of enumeration but outside the place of enumeration,Total,Rural,259520960,59154750,200366210,8266794,3054841,5211953,32169693,7190535,24979158,32125714,6238831,25886883,53985156,9047874,44937282,92241912,12605713,79636199,40731691,21016956,19714735
D0302,0,0,INDIA,Within the state of enumeration but outside the place of enumeration,Total,Urban,136131709,60443090,75688619,5568300,2647093,2921207,21181096,9148204,12032892,19406934,8255831,11151103,27910979,11600189,16310790,34817448,14583668,20233780,27246952,14208105,13038847
D0302,0,0,INDIA,Within the state of enumeration but outside the place of enumeration,Rural,Total,260325223,58461657,201863566,8664938,3299374,5365564,36102217,9357033,26745184,36201690,8469196,27732494,60912850,12755865,48156985,101504799,17852035,83652764,16938729,6728154,10210575
D0302,0,0,INDIA,Within the state of enumeration but outside the place of enumeration,Rural,Rural,201739806,33853422,167886384,6171584,2114200,4057384,26149389,5117868,21031521,26801573,4517549,22284024,46682522,6877272,39805250,82982460,10347090,72635370,12952278,4879443,8072835
D0302,0,0,INDIA,Within the state of enumeration but outside the place of enumeration,Rural,Urban,58585417,24608235,33977182,2493354,1185174,1308180,9952828,4239165,5713663,9400117,3951647,5448470,14230328,5878593,8351735,18522339,7504945,11017394,3986451,1848711,2137740
D0302,0,0,INDIA,Within the state of enumeration but outside the place of enumeration,Urban,Total,85378046,36555762,48822284,4443546,2124925,2318621,14906643,6316213,8590430,13180906,5432235,7748671,17892150,7087320,10804830,20277762,8055545,12222217,14677039,7539524,7137515
D0302,0,0,INDIA,Within the state of enumeration but outside the place of enumeration,Urban,Rural,24085918,9041973,15043945,1631516,783632,847884,4520980,1752818,2768162,3931516,1438273,2493243,5255991,1790043,3465948,5446755,1596438,3850317,3299160,1680769,1618391
D0302,0,0,INDIA,Within the state of enumeration but outside the place of enumeration,Urban,Urban,61292128,27513789,33778339,2812030,1341293,1470737,10385663,4563395,5822268,9249390,3993962,5255428,12636159,5297277,7338882,14831007,6459107,8371900,11377879,5858755,5519124
D0302,0,0,INDIA,Elsewhere in the district of enumeration,Total,Total,277513908,82948766,194565142,8697846,3465174,5232672,34411695,9857660,24554035,33990553,8899840,25090713,55269063,12939052,42330011,88256581,17155269,71101312,56888170,30631771,26256399
D0302,0,0,INDIA,Elsewhere in the district of enumeration,Total,Rural,199718156,47826911,151891245,5758220,2070210,3688010,23625842,5257476,18368366,23927248,4672199,19255049,40508645,6870863,33637782,69851150,9598380,60252770,36047051,19357783,16689268
D0302,0,0,INDIA,Elsewhere in the district of enumeration,Total,Urban,77795752,35121855,42673897,2939626,1394964,1544662,10785853,4600184,6185669,10063305,4227641,5835664,14760418,6068189,8692229,18405431,7556889,10848542,20841119,11273988,9567131
D0302,0,0,INDIA,Elsewhere in the district of enumeration,Rural,Total,187120594,39612206,147508388,5763237,2097015,3666222,25115486,6100815,19014671,25514620,5551644,19962976,43539240,8486589,35052651,73980156,11910405,62069751,13207855,5465738,7742117
D0302,0,0,INDIA,Elsewhere in the district of enumeration,Rural,Rural,153920992,26311302,127609690,4369823,1452269,2917554,19601248,3842316,15758932,20274685,3446984,16827701,35479649,5308282,30171367,63454127,7964237,55489890,10741460,4297214,6444246
D0302,0,0,INDIA,Elsewhere in the district of enumeration,Rural,Urban,33199602,13300904,19898698,1393414,644746,748668,5514238,2258499,3255739,5239935,2104660,3135275,8059591,3178307,4881284,10526029,3946168,6579861,2466395,1168524,1297871
D0302,0,0,INDIA,Elsewhere in the district of enumeration,Urban,Total,47795519,21438873,26356646,2422540,1174043,1248497,7665865,3307704,4358161,6961819,2942717,4019102,9518235,3891016,5627219,10428330,4320411,6107919,10798730,5802982,4995748
D0302,0,0,INDIA,Elsewhere in the district of enumeration,Urban,Rural,15967786,6384525,9583261,1037379,497420,539959,2886969,1166843,1720126,2584474,1001201,1583273,3446488,1256106,2190382,3413286,1080782,2332504,2599190,1382173,1217017
D0302,0,0,INDIA,Elsewhere in the district of enumeration,Urban,Urban,31827733,15054348,16773385,1385161,676623,708538,4778896,2140861,2638035,4377345,1941516,2435829,6071747,2634910,3436837,7015044,3239629,3775415,8199540,4420809,3778731
D0302,0,0,INDIA,In other districts of the state of enumeration,Total,Total,118138761,36649074,81489687,5137248,2236760,2900488,18939094,6481079,12458015,17542095,5594822,11947273,26627072,7709011,18918061,38802779,10034112,28768667,11090473,4593290,6497183
D0302,0,0,INDIA,In other districts of the state of enumeration,Total,Rural,59802804,11327839,48474965,2508574,984631,1523943,8543851,1933059,6610792,8198466,1566632,6631834,13476511,2177011,11299500,22390762,3007333,19383429,4684640,1659173,3025467
D0302,0,0,INDIA,In other districts of the state of enumeration,Total,Urban,58335957,25321235,33014722,2628674,1252129,1376545,10395243,4548020,5847223,9343629,4028190,5315439,13150561,5532000,7618561,16412017,7026779,9385238,6405833,2934117,3471716
D0302,0,0,INDIA,In other districts of the state of enumeration,Rural,Total,73204629,18849451,54355178,2901701,1202359,1699342,10986731,3256218,7730513,10687070,2917552,7769518,17373610,4269276,13104334,27524643,5941630,21583013,3730874,1262416,2468458
D0302,0,0,INDIA,In other districts of the state of enumeration,Rural,Rural,47818814,7542120,40276694,1801761,661931,1139830,6548141,1275552,5272589,6526888,1070565,5456323,11202873,1568990,9633883,19528333,2382853,17145480,2210818,582229,1628589
D0302,0,0,INDIA,In other districts of the state of enumeration,Rural,Urban,25385815,11307331,14078484,1099940,540428,559512,4438590,1980666,2457924,4160182,1846987,2313195,6170737,2700286,3470451,7996310,3558777,4437533,1520056,680187,839869
D0302,0,0,INDIA,In other districts of the state of enumeration,Urban,Total,37582527,15116889,22465638,2021006,950882,1070124,7240778,3008509,4232269,6219087,2489518,3729569,8373915,3196304,5177611,9849432,3735134,6114298,3878309,1736542,2141767
D0302,0,0,INDIA,In other districts of the state of enumeration,Urban,Rural,8118132,2657448,5460684,594137,286212,307925,1634011,585975,1048036,1347042,437072,909970,1809503,533937,1275566,2033469,515656,1517813,699970,298596,401374
D0302,0,0,INDIA,In other districts of the state of enumeration,Urban,Urban,29464395,12459441,17004954,1426869,664670,762199,5606767,2422534,3184233,4872045,2052446,2819599,6564412,2662367,3902045,7815963,3219478,4596485,3178339,1437946,1740393
D0302,0,0,INDIA,States in India beyond the state of enumeration,Total,Total,54264749,23869812,30394937,3531612,1974826,1556786,9989877,4705486,5284391,8420417,3745036,4675381,11984859,5017291,6967568,16210550,6491155,9719395,4127434,1936018,2191416
D0302,0,0,INDIA,States in India beyond the state of enumeration,Total,Rural,15895250,4433335,11461915,1418895,802079,616816,2546615,872998,1673617,2169176,578070,1591106,3326212,730416,2595796,5234110,948808,4285302,1200242,500964,699278
D0302,0,0,INDIA,States in India beyond the state of enumeration,Total,Urban,38369499,19436477,18933022,2112717,1172747,939970,7443262,3832488,3610774,6251241,3166966,3084275,8658647,4286875,4371772,10976440,5542347,5434093,2927192,1435054,1492138
D0302,0,0,INDIA,States in India beyond the state of enumeration,Rural,Total,31635486,13752835,17882651,2090964,1195384,895580,5525850,2642320,2883530,4950241,2214634,2735607,7457568,3122362,4335206,10200017,3944724,6255293,1410846,633411,777435
D0302,0,0,INDIA,States in India beyond the state of enumeration,Rural,Rural,12019426,2988301,9031125,1021852,560314,461538,1835177,588608,1246569,1632763,396816,1235947,2620035,521209,2098826,4357606,727253,3630353,551993,194101,357892
D0302,0,0,INDIA,States in India beyond the state of enumeration,Rural,Urban,19616060,10764534,8851526,1069112,635070,434042,3690673,2053712,1636961,3317478,1817818,1499660,4837533,2601153,2236380,5842411,3217471,2624940,858853,439310,419543
D0302,0,0,INDIA,States in India beyond the state of enumeration,Urban,Total,19697292,8778495,10918797,1292536,699366,593170,4090160,1892160,2198000,3164119,1397102,1767017,4140922,1737741,2403181,5416797,2312801,3103996,1592758,739325,853433
D0302,0,0,INDIA,States in India beyond the state of enumeration,Urban,Rural,2889303,1095749,1793554,337700,211794,125906,604494,251418,353076,450950,159281,291669,591643,184726,406917,685259,187408,497851,219257,101122,118135
D0302,0,0,INDIA,States in India beyond the state of enumeration,Urban,Urban,16807989,7682746,9125243,954836,487572,467264,3485666,1640742,1844924,2713169,1237821,1475348,3549279,1553015,1996264,4731538,2125393,2606145,1373501,638203,735298
D0302,0,0,INDIA,Jammu & Kashmir,Total,Total,328919,165644,163275,24132,14052,10080,63811,31937,31874,35161,15876,19285,48180,19740,28440,63182,25111,38071,94453,58928,35525
D0302,0,0,INDIA,Jammu & Kashmir,Total,Rural,128232,65641,62591,8857,5701,3156,14535,6819,7716,9720,3614,6106,14502,4248,10254,19062,4676,14386,61556,40583,20973
D0302,0,0,INDIA,Jammu & Kashmir,Total,Urban,200687,100003,100684,15275,8351,6924,49276,25118,24158,25441,12262,13179,33678,15492,18186,44120,20435,23685,32897,18345,14552
D0302,0,0,INDIA,Jammu & Kashmir,Rural,Total,91810,39326,52484,8615,5191,3424,18999,9056,9943,11101,4419,6682,17019,5799,11220,22589,6849,15740,13487,8012,5475
D0302,0,0,INDIA,Jammu & Kashmir,Rural,Rural,49876,17672,32204,4174,2613,1561,7261,2788,4473,5730,1637,4093,9341,2117,7224,13200,2309,10891,10170,6208,3962
D0302,0,0,INDIA,Jammu & Kashmir,Rural,Urban,41934,21654,20280,4441,2578,1863,11738,6268,5470,5371,2782,2589,7678,3682,3996,9389,4540,4849,3317,1804,1513
D0302,0,0,INDIA,Jammu & Kashmir,Urban,Total,164310,80625,83685,14528,8308,6220,42579,21758,20821,22710,10848,11862,29272,13249,16023,37460,16907,20553,17761,9555,8206
D0302,0,0,INDIA,Jammu & Kashmir,Urban,Rural,26692,14372,12320,4224,2823,1401,6621,3737,2884,3466,1774,1692,4342,1943,2399,4694,1986,2708,3345,2109,1236
D0302,0,0,INDIA,Jammu & Kashmir,Urban,Urban,137618,66253,71365,10304,5485,4819,35958,18021,17937,19244,9074,10170,24930,11306,13624,32766,14921,17845,14416,7446,6970
D0302,0,0,INDIA,Himachal Pradesh,Total,Total,535823,232034,303789,24483,11856,12627,85224,36753,48471,68691,28044,40647,111557,44603,66954,181964,75791,106173,63904,34987,28917
D0302,0,0,INDIA,Himachal Pradesh,Total,Rural,166763,50592,116171,7939,3709,4230,21657,6589,15068,19104,4674,14430,31890,7082,24808,57646,11975,45671,28527,16563,11964
D0302,0,0,INDIA,Himachal Pradesh,Total,Urban,369060,181442,187618,16544,8147,8397,63567,30164,33403,49587,23370,26217,79667,37521,42146,124318,63816,60502,35377,18424,16953
D0302,0,0,INDIA,Himachal Pradesh,Rural,Total,314777,128739,186038,13871,6533,7338,49182,20780,28402,41444,16317,25127,72168,28079,44089,117963,46839,71124,20149,10191,9958
D0302,0,0,INDIA,Himachal Pradesh,Rural,Rural,121811,29276,92535,5507,2351,3156,16288,4421,11867,15249,3323,11926,26495,5368,21127,49474,9585,39889,8798,4228,4570
D0302,0,0,INDIA,Himachal Pradesh,Rural,Urban,192966,99463,93503,8364,4182,4182,32894,16359,16535,26195,12994,13201,45673,22711,22962,68489,37254,31235,11351,5963,5388
D0302,0,0,INDIA,Himachal Pradesh,Urban,Total,174931,78658,96273,9651,4857,4794,32863,14671,18192,24772,10780,13992,35843,15239,20604,58231,26831,31400,13571,6280,7291
D0302,0,0,INDIA,Himachal Pradesh,Urban,Rural,21184,8475,12709,2072,1204,868,4317,1880,2437,3016,1150,1866,4164,1461,2703,5969,1974,3995,1646,806,840
D0302,0,0,INDIA,Himachal Pradesh,Urban,Urban,153747,70183,83564,7579,3653,3926,28546,12791,15755,21756,9630,12126,31679,13778,17901,52262,24857,27405,11925,5474,6451
D0302,0,0,INDIA,Punjab,Total,Total,1740877,674796,1066081,78886,38840,40046,238013,87318,150695,200061,67693,132368,340950,115309,225641,768159,310562,457597,114808,55074,59734
D0302,0,0,INDIA,Punjab,Total,Rural,649776,199870,449906,35932,18957,16975,80548,23121,57427,74508,18678,55830,129896,31678,98218,291305,88757,202548,37587,18679,18908
D0302,0,0,INDIA,Punjab,Total,Urban,1091101,474926,616175,42954,19883,23071,157465,64197,93268,125553,49015,76538,211054,83631,127423,476854,221805,255049,77221,36395,40826
D0302,0,0,INDIA,Punjab,Rural,Total,826025,289896,536129,32101,14898,17203,95670,30249,65421,90208,26274,63934,168963,50470,118493,405065,152394,252671,34018,15611,18407
D0302,0,0,INDIA,Punjab,Rural,Rural,494048,138003,356045,20174,9232,10942,53870,13121,40749,54519,11821,42698,101829,22409,79420,244404,72915,171489,19252,8505,10747
D0302,0,0,INDIA,Punjab,Rural,Urban,331977,151893,180084,11927,5666,6261,41800,17128,24672,35689,14453,21236,67134,28061,39073,160661,79479,81182,14766,7106,7660
D0302,0,0,INDIA,Punjab,Urban,Total,839355,353431,485924,44057,22728,21329,134892,54648,80244,103969,39623,64346,162688,61859,100829,342093,150463,191630,51656,24110,27546
D0302,0,0,INDIA,Punjab,Urban,Rural,123237,49682,73555,14312,9086,5226,23352,9182,14170,17286,6209,11077,23822,8236,15586,36611,12716,23895,7854,4253,3601
D0302,0,0,INDIA,Punjab,Urban,Urban,716118,303749,412369,29745,13642,16103,111540,45466,66074,86683,33414,53269,138866,53623,85243,305482,137747,167735,43802,19857,23945
D0302,0,0,INDIA,Chandigarh,Total,Total,265645,129413,136232,20229,10689,9540,58856,27846,31010,48929,23419,25510,56049,26071,29978,44313,21511,22802,37269,19877,17392
D0302,0,0,INDIA,Chandigarh,Total,Rural,50602,22793,27809,4870,2917,1953,8768,3710,5058,7166,2906,4260,9258,3532,5726,8706,3076,5630,11834,6652,5182
D0302,0,0,INDIA,Chandigarh,Total,Urban,215043,106620,108423,15359,7772,7587,50088,24136,25952,41763,20513,21250,46791,22539,24252,35607,18435,17172,25435,13225,12210
D0302,0,0,INDIA,Chandigarh,Rural,Total,28065,11404,16661,2026,1030,996,5255,2211,3044,4610,1866,2744,5900,2207,3693,6652,2231,4421,3622,1859,1763
D0302,0,0,INDIA,Chandigarh,Rural,Rural,14552,5077,9475,1053,530,523,2330,816,1514,2111,687,1424,2908,851,2057,3965,1066,2899,2185,1127,1058
D0302,0,0,INDIA,Chandigarh,Rural,Urban,13513,6327,7186,973,500,473,2925,1395,1530,2499,1179,1320,2992,1356,1636,2687,1165,1522,1437,732,705
D0302,0,0,INDIA,Chandigarh,Urban,Total,218523,107708,110815,17832,9470,8362,52385,25095,27290,43233,21021,22212,48921,23274,25647,36698,18747,17951,19454,10101,9353
D0302,0,0,INDIA,Chandigarh,Urban,Rural,29454,14062,15392,3762,2359,1403,6222,2812,3410,4864,2152,2712,6138,2590,3548,4479,1899,2580,3989,2250,1739
D0302,0,0,INDIA,Chandigarh,Urban,Urban,189069,93646,95423,14070,7111,6959,46163,22283,23880,38369,18869,19500,42783,20684,22099,32219,16848,15371,15465,7851,7614
D0302,0,0,INDIA,Uttarakhand,Total,Total,993570,402421,591149,44525,20564,23961,169425,69184,100241,156279,62777,93502,241090,94567,146523,305646,121757,183889,76605,33572,43033
D0302,0,0,INDIA,Uttarakhand,Total,Rural,238607,43567,195040,11289,4587,6702,39766,9618,30148,35629,6459,29170,57666,8237,49429,78849,9336,69513,15408,5330,10078
D0302,0,0,INDIA,Uttarakhand,Total,Urban,754963,358854,396109,33236,15977,17259,129659,59566,70093,120650,56318,64332,183424,86330,97094,226797,112421,114376,61197,28242,32955
D0302,0,0,INDIA,Uttarakhand,Rural,Total,592434,244974,347460,23171,10749,12422,93522,38490,55032,93783,38732,55051,155766,63257,92509,198244,81779,116465,27948,11967,15981
D0302,0,0,INDIA,Uttarakhand,Rural,Rural,174418,27555,146863,6778,2456,4322,27288,5970,21318,25839,4301,21538,44353,5996,38357,62434,6846,55588,7726,1986,5740
D0302,0,0,INDIA,Uttarakhand,Rural,Urban,418016,217419,200597,16393,8293,8100,66234,32520,33714,67944,34431,33513,111413,57261,54152,135810,74933,60877,20222,9981,10241
D0302,0,0,INDIA,Uttarakhand,Urban,Total,356018,138716,217302,19789,9103,10686,70706,28760,41946,58092,22503,35589,78972,29297,49675,99015,37318,61697,29444,11735,17709
D0302,0,0,INDIA,Uttarakhand,Urban,Rural,49999,12394,37605,3996,1960,2036,10721,3273,7448,8264,1923,6341,10858,1961,8897,12938,2144,10794,3222,1133,2089
D0302,0,0,INDIA,Uttarakhand,Urban,Urban,306019,126322,179697,15793,7143,8650,59985,25487,34498,49828,20580,29248,68114,27336,40778,86077,35174,50903,26222,10602,15620
D0302,0,0,INDIA,Haryana,Total,Total,2315915,723701,1592214,96543,41975,54568,346102,116451,229651,319622,98794,220828,510048,147454,362594,888203,253529,634674,155397,65498,89899
D0302,0,0,INDIA,Haryana,Total,Rural,911160,147959,763201,37530,15132,22398,124925,26246,98679,122863,21359,101504,201260,27613,173647,368662,37311,331351,55920,20298,35622
D0302,0,0,INDIA,Haryana,Total,Urban,1404755,575742,829013,59013,26843,32170,221177,90205,130972,196759,77435,119324,308788,119841,188947,519541,216218,303323,99477,45200,54277
D0302,0,0,INDIA,Haryana,Rural,Total,1387818,370104,1017714,45353,17385,27968,185569,53543,132026,187414,50574,136840,324554,84160,240394,588716,144146,444570,56212,20296,35916
D0302,0,0,INDIA,Haryana,Rural,Rural,740606,98639,641967,23521,7553,15968,96121,17341,78780,99516,15237,84279,169762,20688,149074,323361,29896,293465,28325,7924,20401
D0302,0,0,INDIA,Haryana,Rural,Urban,647212,271465,375747,21832,9832,12000,89448,36202,53246,87898,35337,52561,154792,63472,91320,265355,114250,151105,27887,12372,15515
D0302,0,0,INDIA,Haryana,Urban,Total,819450,316852,502598,47476,23218,24258,148450,59736,88714,122385,45820,76565,171114,60085,111029,274439,104170,170269,55586,23823,31763
D0302,0,0,INDIA,Haryana,Urban,Rural,112502,35252,77250,11920,6969,4951,21884,7772,14112,17635,5182,12453,22867,5722,17145,29536,5739,23797,8660,3868,4792
D0302,0,0,INDIA,Haryana,Urban,Urban,706948,281600,425348,35556,16249,19307,126566,51964,74602,104750,40638,64112,148247,54363,93884,244903,98431,146472,46926,19955,26971
D0302,0,0,INDIA,NCT of Delhi,Total,Total,1556308,629469,926839,114984,61099,53885,364707,158528,206179,302520,127932,174588,329732,127547,202185,288488,86252,202236,155877,68111,87766
D0302,0,0,INDIA,NCT of Delhi,Total,Rural,288417,78149,210268,34378,21120,13258,59421,18732,40689,45558,11361,34197,55442,10413,45029,71779,7173,64606,21839,9350,12489
D0302,0,0,INDIA,NCT of Delhi,Total,Urban,1267891,551320,716571,80606,39979,40627,305286,139796,165490,256962,116571,140391,274290,117134,157156,216709,79079,137630,134038,58761,75277
D0302,0,0,INDIA,NCT of Delhi,Rural,Total,196505,48265,148240,10309,4792,5517,36846,11347,25499,32778,8954,23824,44007,10267,33740,58225,7754,50471,14340,5151,9189
D0302,0,0,INDIA,NCT of Delhi,Rural,Rural,101423,12159,89264,5313,2261,3052,16665,2887,13778,14783,1785,12998,21425,1922,19503,38194,1920,36274,5043,1384,3659
D0302,0,0,INDIA,NCT of Delhi,Rural,Urban,95082,36106,58976,4996,2531,2465,20181,8460,11721,17995,7169,10826,22582,8345,14237,20031,5834,14197,9297,3767,5530
D0302,0,0,INDIA,NCT of Delhi,Urban,Total,1308244,559819,748425,102861,55426,47435,322101,144834,177267,264930,117111,147819,280384,115356,165028,224398,76611,147787,113570,50481,63089
D0302,0,0,INDIA,NCT of Delhi,Urban,Rural,178346,62809,115537,28597,18607,9990,41858,15605,26253,30041,9424,20617,33209,8333,24876,32435,5139,27296,12206,5701,6505
D0302,0,0,INDIA,NCT of Delhi,Urban,Urban,1129898,497010,632888,74264,36819,37445,280243,129229,151014,234889,107687,127202,247175,107023,140152,191963,71472,120491,101364,44780,56584
D0302,0,0,INDIA,Rajasthan,Total,Total,3756716,1509920,2246796,196271,100580,95691,647089,283733,363356,566677,236240,330437,833933,319737,514196,1236239,443133,793106,276507,126497,150010
D0302,0,0,INDIA,Rajasthan,Total,Rural,1201172,231932,969240,72335,33642,38693,178514,47315,131199,163755,35091,128664,265966,43241,222725,451655,48746,402909,68947,23897,45050
D0302,0,0,INDIA,Rajasthan,Total,Urban,2555544,1277988,1277556,123936,66938,56998,468575,236418,232157,402922,201149,201773,567967,276496,291471,784584,394387,390197,207560,102600,104960
D0302,0,0,INDIA,Rajasthan,Rural,Total,2370432,892911,1477521,124418,63663,60755,395473,168774,226699,363217,146613,216604,554999,202507,352492,830423,268492,561931,101902,42862,59040
D0302,0,0,INDIA,Rajasthan,Rural,Rural,1016516,173070,843446,57414,25959,31455,144342,34696,109646,138171,27090,111081,231710,34125,197585,405307,39995,365312,39572,11205,28367
D0302,0,0,INDIA,Rajasthan,Rural,Urban,1353916,719841,634075,67004,37704,29300,251131,134078,117053,225046,119523,105523,323289,168382,154907,425116,228497,196619,62330,31657,30673
D0302,0,0,INDIA,Rajasthan,Urban,Total,1182783,529117,653666,62638,32464,30174,223953,103370,120583,180045,79990,100055,250412,106274,144138,361431,157919,203512,104304,49100,55204
D0302,0,0,INDIA,Rajasthan,Urban,Rural,124023,43236,80787,11682,6452,5230,26343,10963,15380,19044,6718,12326,25787,7826,17961,32428,7322,25106,8739,3955,4784
D0302,0,0,INDIA,Rajasthan,Urban,Urban,1058760,485881,572879,50956,26012,24944,197610,92407,105203,161001,73272,87729,224625,98448,126177,329003,150597,178406,95565,45145,50420
D0302,0,0,INDIA,Uttar Pradesh,Total,Total,12319592,6251980,6067612,772419,452597,319822,2264669,1195375,1069294,2008882,1032721,976161,2951865,1472520,1479345,3604864,1737096,1867768,716893,361671,355222
D0302,0,0,INDIA,Uttar Pradesh,Total,Rural,2292384,698451,1593933,265194,155415,109779,403708,159841,243867,318492,99060,219432,463104,112260,350844,707042,112201,594841,134844,59674,75170
D0302,0,0,INDIA,Uttar Pradesh,Total,Urban,10027208,5553529,4473679,507225,297182,210043,1860961,1035534,825427,1690390,933661,756729,2488761,1360260,1128501,2897822,1624895,1272927,582049,301997,280052
D0302,0,0,INDIA,Uttar Pradesh,Rural,Total,8480393,4410513,4069880,550304,332363,217941,1541530,843145,698385,1415380,749664,665716,2134454,1094367,1040087,2516561,1228354,1288207,322164,162620,159544
D0302,0,0,INDIA,Uttar Pradesh,Rural,Rural,1880495,539126,1341369,217531,128748,88783,317332,122943,194389,259916,77266,182650,390410,88491,301919,617833,89798,528035,77473,31880,45593
D0302,0,0,INDIA,UttarPradesh,Rural,Urban,6599898,3871387,2728511,332773,203615,129158,1224198,720202,503996,1155464,672398,483066,1744044,1005876,738168,1898728,1138556,760172,244691,130740,113951
D0302,0,0,INDIA,Uttar Pradesh,Urban,Total,3279589,1556890,1722699,188271,100721,87550,636602,307294,329308,523204,247110,276094,731048,335791,395257,972986,454136,518850,227478,111838,115640
D0302,0,0,INDIA,Uttar Pradesh,Urban,Rural,295491,118400,177091,36364,20722,15642,68939,30980,37959,46691,18243,28448,58274,20371,37903,66685,19029,47656,18538,9055,9483
D0302,0,0,INDIA,Uttar Pradesh,Urban,Urban,2984098,1438490,1545608,151907,79999,71908,567663,276314,291349,476513,228867,247646,672774,315420,357354,906301,435107,471194,208940,102783,106157
D0302,0,0,INDIA,Bihar,Total,Total,7453803,3851560,3602243,521444,326572,194872,1406980,781190,625790,1259364,658443,600921,1788519,888191,900328,1943947,930290,1013657,533549,266874,266675
D0302,0,0,INDIA,Bihar,Total,Rural,1744749,576608,1168141,208232,130447,77785,285107,127060,158047,233660,75872,157788,365277,89333,275944,520706,102588,418118,131767,51308,80459
D0302,0,0,INDIA,Bihar,Total,Urban,5709054,3274952,2434102,313212,196125,117087,1121873,654130,467743,1025704,582571,443133,1423242,798858,624384,1423241,827702,595539,401782,215566,186216
D0302,0,0,INDIA,Bihar,Rural,Total,5553907,2897277,2656630,411877,262812,149065,1035345,584313,451032,949555,503206,446349,1381976,693277,688699,1496349,716413,779936,278805,137256,141549
D0302,0,0,INDIA,Bihar,Rural,Rural,1478083,479393,998690,185208,116505,68703,239153,106113,133040,198440,63395,135045,316016,75623,240393,457280,87683,369597,81986,30074,51912
D0302,0,0,INDIA,Bihar,Rural,Urban,4075824,2417884,1657940,226669,146307,80362,796192,478200,317992,751115,439811,311304,1065960,617654,448306,1039069,628730,410339,196819,107182,89637
D0302,0,0,INDIA,Bihar,Urban,Total,1494841,751304,743537,85169,49097,36072,312918,165648,147270,259599,130182,129417,340972,164808,176164,361474,174358,187116,134709,67211,67498
D0302,0,0,INDIA,Bihar,Urban,Rural,158505,59565,98940,13339,8260,5079,32898,15825,17073,24375,9107,15268,33334,10076,23258,39541,10399,29142,15018,5898,9120
D0302,0,0,INDIA,Bihar,Urban,Urban,1336336,691739,644597,71830,40837,30993,280020,149823,130197,235224,121075,114149,307638,154732,152906,321933,163959,157974,119691,61313,58378
D0302,0,0,INDIA,Sikkim,Total,Total,21459,8436,13023,1486,706,780,5797,2556,3241,3443,1335,2108,3736,1224,2512,5316,1863,3453,1681,752,929
D0302,0,0,INDIA,Sikkim,Total,Rural,11239,3738,7501,592,271,321,2572,1025,1547,1670,509,1161,2035,483,1552,3611,1141,2470,759,309,450
D0302,0,0,INDIA,Sikkim,Total,Urban,10220,4698,5522,894,435,459,3225,1531,1694,1773,826,947,1701,741,960,1705,722,983,922,443,479
D0302,0,0,INDIA,Sikkim,Rural,Total,10660,3530,7130,508,204,304,2595,1097,1498,1649,530,1119,1936,440,1496,3445,1060,2385,527,199,328
D0302,0,0,INDIA,Sikkim,Rural,Rural,8028,2353,5675,288,95,193,1779,687,1092,1210,332,878,1473,260,1213,2925,862,2063,353,117,236
D0302,0,0,INDIA,Sikkim,Rural,Urban,2632,1177,1455,220,109,111,816,410,406,439,198,241,463,180,283,520,198,322,174,82,92
D0302,0,0,INDIA,Sikkim,Urban,Total,9522,4284,5238,907,477,430,2968,1333,1635,1627,711,916,1657,721,936,1660,714,946,703,328,375
D0302,0,0,INDIA,Sikkim,Urban,Rural,2650,1161,1489,270,166,104,705,311,394,407,155,252,506,205,301,556,229,327,206,95,111
D0302,0,0,INDIA,Sikkim,Urban,Urban,6872,3123,3749,637,311,326,2263,1022,1241,1220,556,664,1151,516,635,1104,485,619,497,233,264
D0302,0,0,INDIA,Arunachal Pradesh,Total,Total,37368,17497,19871,3476,1835,1641,11228,5434,5794,7450,3417,4033,7722,3285,4437,4712,2086,2626,2780,1440,1340
D0302,0,0,INDIA,Arunachal Pradesh,Total,Rural,20568,8774,11794,1792,893,899,5650,2611,3039,4220,1695,2525,4561,1718,2843,2769,1042,1727,1576,815,761
D0302,0,0,INDIA,Arunachal Pradesh,Total,Urban,16800,8723,8077,1684,942,742,5578,2823,2755,3230,1722,1508,3161,1567,1594,1943,1044,899,1204,625,579
D0302,0,0,INDIA,Arunachal Pradesh,Rural,Total,19102,8412,10690,1608,809,799,5725,2780,2945,3839,1691,2148,4200,1583,2617,2761,1071,1690,969,478,491
D0302,0,0,INDIA,Arunachal Pradesh,Rural,Rural,13567,5474,8093,1024,462,562,3822,1774,2048,2802,1088,1714,3179,1112,2067,2068,718,1350,672,320,352
D0302,0,0,INDIA,Arunachal Pradesh,Rural,Urban,5535,2938,2597,584,347,237,1903,1006,897,1037,603,434,1021,471,550,693,353,340,297,158,139
D0302,0,0,INDIA,Arunachal Pradesh,Urban,Total,15713,7937,7776,1624,870,754,4960,2446,2514,3265,1596,1669,3158,1557,1601,1715,927,788,991,541,450
D0302,0,0,INDIA,Arunachal Pradesh,Urban,Rural,5497,2668,2829,663,378,285,1550,748,802,1188,522,666,1132,516,616,561,275,286,403,229,174
D0302,0,0,INDIA,Arunachal Pradesh,Urban,Urban,10216,5269,4947,961,492,469,3410,1698,1712,2077,1074,1003,2026,1041,985,1154,652,502,588,312,276
D0302,0,0,INDIA,Nagaland,Total,Total,45734,21045,24689,3755,2172,1583,11751,5302,6449,7961,3418,4543,10382,4571,5811,7337,3360,3977,4548,2222,2326
D0302,0,0,INDIA,Nagaland,Total,Rural,24489,10978,13511,2030,1247,783,5459,2304,3155,4374,1806,2568,5938,2518,3420,3971,1748,2223,2717,1355,1362
D0302,0,0,INDIA,Nagaland,Total,Urban,21245,10067,11178,1725,925,800,6292,2998,3294,3587,1612,1975,4444,2053,2391,3366,1612,1754,1831,867,964
D0302,0,0,INDIA,Nagaland,Rural,Total,18970,8433,10537,1358,793,565,4669,2094,2575,3404,1424,1980,4742,2027,2715,3299,1398,1901,1498,697,801
D0302,0,0,INDIA,Nagaland,Rural,Rural,14021,6030,7991,944,561,383,3089,1280,1809,2539,1012,1527,3726,1561,2165,2528,1054,1474,1195,562,633
D0302,0,0,INDIA,Nagaland,Rural,Urban,4949,2403,2546,414,232,182,1580,814,766,865,412,453,1016,466,550,771,344,427,303,135,168
D0302,0,0,INDIA,Nagaland,Urban,Total,24051,11295,12756,2219,1279,940,6684,3042,3642,4264,1863,2401,5292,2388,2904,3754,1841,1913,1838,882,956
D0302,0,0,INDIA,Nagaland,Urban,Rural,8924,4204,4720,981,620,361,2192,958,1234,1672,721,951,2022,873,1149,1290,638,652,767,394,373
D0302,0,0,INDIA,Nagaland,Urban,Urban,15127,7091,8036,1238,659,579,4492,2084,2408,2592,1142,1450,3270,1515,1755,2464,1203,1261,1071,488,583
D0302,0,0,INDIA,Manipur,Total,Total,75751,37453,38298,7182,3807,3375,22675,11078,11597,13319,6528,6791,15445,7461,7984,11370,5477,5893,5760,3102,2658
D0302,0,0,INDIA,Manipur,Total,Rural,25119,12195,12924,2260,1341,919,5700,2676,3024,4118,1943,2175,5845,2734,3111,5368,2452,2916,1828,1049,779
D0302,0,0,INDIA,Manipur,Total,Urban,50632,25258,25374,4922,2466,2456,16975,8402,8573,9201,4585,4616,9600,4727,4873,6002,3025,2977,3932,2053,1879
D0302,0,0,INDIA,Manipur,Rural,Total,39327,19344,19983,3381,1791,1590,10725,5232,5493,6954,3432,3522,9325,4516,4809,7199,3474,3725,1743,899,844
D0302,0,0,INDIA,Manipur,Rural,Rural,17894,8550,9344,1282,713,569,3711,1734,1977,3013,1427,1586,4717,2219,2498,4408,2039,2369,763,418,345
D0302,0,0,INDIA,Manipur,Rural,Urban,21433,10794,10639,2099,1078,1021,7014,3498,3516,3941,2005,1936,4608,2297,2311,2791,1435,1356,980,481,499
D0302,0,0,INDIA,Manipur,Urban,Total,31129,15365,15764,3156,1621,1535,10936,5395,5541,5768,2814,2954,5571,2697,2874,3596,1771,1825,2102,1067,1035
D0302,0,0,INDIA,Manipur,Urban,Rural,5329,2597,2732,733,414,319,1732,835,897,896,435,461,908,414,494,689,314,375,371,185,186
D0302,0,0,INDIA,Manipur,Urban,Urban,25800,12768,13032,2423,1207,1216,9204,4560,4644,4872,2379,2493,4663,2283,2380,2907,1457,1450,1731,882,849
D0302,0,0,INDIA,Mizoram,Total,Total,30365,14839,15526,1643,851,792,5282,2632,2650,2177,928,1249,17118,8438,8680,2405,1108,1297,1740,882,858
D0302,0,0,INDIA,Mizoram,Total,Rural,22691,11247,11444,659,378,281,2488,1257,1231,990,407,583,16234,8062,8172,1268,587,681,1052,556,496
D0302,0,0,INDIA,Mizoram,Total,Urban,7674,3592,4082,984,473,511,2794,1375,1419,1187,521,666,884,376,508,1137,521,616,688,326,362
D0302,0,0,INDIA,Mizoram,Rural,Total,22263,11044,11219,615,327,288,2630,1365,1265,945,377,568,15932,7953,7979,1418,665,753,723,357,366
D0302,0,0,INDIA,Mizoram,Rural,Rural,19944,9946,9998,345,193,152,1812,945,867,618,240,378,15656,7840,7816,951,444,507,562,284,278
D0302,0,0,INDIA,Mizoram,Rural,Urban,2319,1098,1221,270,134,136,818,420,398,327,137,190,276,113,163,467,221,246,161,73,88
D0302,0,0,INDIA,Mizoram,Urban,Total,6392,2908,3484,924,465,459,2250,1018,1232,1086,488,598,816,329,487,832,374,458,484,234,250
D0302,0,0,INDIA,Mizoram,Urban,Rural,1687,783,904,256,149,107,532,249,283,265,124,141,259,85,174,233,105,128,142,71,71
D0302,0,0,INDIA,Mizoram,Urban,Urban,4705,2125,2580,668,316,352,1718,769,949,821,364,457,557,244,313,599,269,330,342,163,179
D0302,0,0,INDIA,Tripura,Total,Total,85862,39627,46235,4994,2647,2347,14303,6641,7662,10764,4536,6228,18067,7805,10262,32720,15545,17175,5014,2453,2561
D0302,0,0,INDIA,Tripura,Total,Rural,35260,13510,21750,2793,1480,1313,5476,2076,3400,3938,1121,2817,7057,2306,4751,14296,5709,8587,1700,818,882
D0302,0,0,INDIA,Tripura,Total,Urban,50602,26117,24485,2201,1167,1034,8827,4565,4262,6826,3415,3411,11010,5499,5511,18424,9836,8588,3314,1635,1679
D0302,0,0,INDIA,Tripura,Rural,Total,45538,20159,25379,3070,1601,1469,7348,3284,4064,5489,2064,3425,9732,3968,5764,18405,8546,9859,1494,696,798
D0302,0,0,INDIA,Tripura,Rural,Rural,27177,10207,16970,2330,1197,1133,4348,1621,2727,3005,784,2221,5524,1771,3753,11197,4492,6705,773,342,431
D0302,0,0,INDIA,Tripura,Rural,Urban,18361,9952,8409,740,404,336,3000,1663,1337,2484,1280,1204,4208,2197,2011,7208,4054,3154,721,354,367
D0302,0,0,INDIA,Tripura,Urban,Total,35225,17065,18160,1550,803,747,6299,3102,3197,4883,2304,2579,7545,3511,4034,12803,6297,6506,2145,1048,1097
D0302,0,0,INDIA,Tripura,Urban,Rural,5975,2388,3587,330,181,149,944,404,540,778,285,493,1183,409,774,2411,936,1475,329,173,156
D0302,0,0,INDIA,Tripura,Urban,Urban,29250,14677,14573,1220,622,598,5355,2698,2657,4105,2019,2086,6362,3102,3260,10392,5361,5031,1816,875,941
D0302,0,0,INDIA,Meghalaya,Total,Total,70268,30419,39849,4193,2028,2165,14676,6473,8203,10717,4145,6572,14368,5623,8745,20912,9455,11457,5402,2695,2707
D0302,0,0,INDIA,Meghalaya,Total,Rural,29026,11354,17672,2119,1083,1036,6059,2434,3625,4620,1477,3143,6055,1972,4083,8141,3405,4736,2032,983,1049
D0302,0,0,INDIA,Meghalaya,Total,Urban,41242,19065,22177,2074,945,1129,8617,4039,4578,6097,2668,3429,8313,3651,4662,12771,6050,6721,3370,1712,1658
D0302,0,0,INDIA,Meghalaya,Rural,Total,26203,9738,16465,1561,725,836,5194,1851,3343,4279,1349,2930,5838,1884,3954,8178,3432,4746,1153,497,656
D0302,0,0,INDIA,Meghalaya,Rural,Rural,19048,6590,12458,1125,516,609,3566,1083,2483,3215,915,2300,4359,1288,3071,6017,2474,3543,766,314,452
D0302,0,0,INDIA,Meghalaya,Rural,Urban,7155,3148,4007,436,209,227,1628,768,860,1064,434,630,1479,596,883,2161,958,1203,387,183,204
D0302,0,0,INDIA,Meghalaya,Urban,Total,40746,19198,21548,2459,1217,1242,9029,4466,4563,6083,2665,3418,8147,3615,4532,12106,5775,6331,2922,1460,1462
D0302,0,0,INDIA,Meghalaya,Urban,Rural,8067,3944,4123,889,502,387,2218,1257,961,1174,482,692,1450,612,838,1745,782,963,591,309,282
D0302,0,0,INDIA,Meghalaya,Urban,Urban,32679,15254,17425,1570,715,855,6811,3209,3602,4909,2183,2726,6697,3003,3694,10361,4993,5368,2331,1151,1180
D0302,0,0,INDIA,Assam,Total,Total,659694,320401,339293,53828,34225,19603,150088,79244,70844,101361,47204,54157,139119,60836,78283,173723,77844,95879,41575,21048,20527
D0302,0,0,INDIA,Assam,Total,Rural,280912,123316,157596,25596,17114,8482,55379,26720,28659,41971,16893,25078,62344,23344,39000,79172,31038,48134,16450,8207,8243
D0302,0,0,INDIA,Assam,Total,Urban,378782,197085,181697,28232,17111,11121,94709,52524,42185,59390,30311,29079,76775,37492,39283,94551,46806,47745,25125,12841,12284
D0302,0,0,INDIA,Assam,Rural,Total,371078,180878,190200,32843,21770,11073,82295,44772,37523,57323,26667,30656,82026,35352,46674,102244,45174,57070,14347,7143,7204
D0302,0,0,INDIA,Assam,Rural,Rural,210936,91587,119349,18921,12618,6303,40851,19661,21190,32074,12810,19264,48549,18110,30439,62747,24712,38035,7794,3676,4118
D0302,0,0,INDIA,Assam,Rural,Urban,160142,89291,70851,13922,9152,4770,41444,25111,16333,25249,13857,11392,33477,17242,16235,39497,20462,19035,6553,3467,3086
D0302,0,0,INDIA,Assam,Urban,Total,250306,120897,129409,18351,10846,7505,61210,31166,30044,39924,18707,21217,51564,23277,28287,63326,29156,34170,15931,7745,8186
D0302,0,0,INDIA,Assam,Urban,Rural,52069,23702,28367,5347,3723,1624,11493,5698,5795,7955,3344,4611,11041,4251,6790,12662,4891,7771,3571,1795,1776
D0302,0,0,INDIA,Assam,Urban,Urban,198237,97195,101042,13004,7123,5881,49717,25468,24249,31969,15363,16606,40523,19026,21497,50664,24265,26399,12360,5950,6410
D0302,0,0,INDIA,West Bengal,Total,Total,2405522,953641,1451881,174933,110341,64592,468824,226216,242608,367583,150593,216990,518446,179564,338882,716368,217343,499025,159368,69584,89784
D0302,0,0,INDIA,West Bengal,Total,Rural,897145,202765,694380,65310,42418,22892,128119,40097,88022,115469,22287,93182,199394,30273,169121,337384,49747,287637,51469,17943,33526
D0302,0,0,INDIA,West Bengal,Total,Urban,1508377,750876,757501,109623,67923,41700,340705,186119,154586,252114,128306,123808,319052,149291,169761,378984,167596,211388,107899,51641,56258
D0302,0,0,INDIA,West Bengal,Rural,Total,1150624,415794,734830,90929,60123,30806,217962,104501,113461,175229,66306,108923,255249,77085,178164,366597,90716,275881,44658,17063,27595
D0302,0,0,INDIA,West Bengal,Rural,Rural,621128,125985,495143,42545,27199,15346,86480,24738,61742,80409,13229,67180,140905,18994,121911,247738,35432,212306,23051,6393,16658
D0302,0,0,INDIA,West Bengal,Rural,Urban,529496,289809,239687,48384,32924,15460,131482,79763,51719,94820,53077,41743,114344,58091,56253,118859,55284,63575,21607,10670,10937
D0302,0,0,INDIA,West Bengal,Urban,Total,1149286,491552,657734,77110,45720,31390,235873,114347,121526,181946,80155,101791,248830,97377,151453,327692,119845,207847,77835,34108,43727
D0302,0,0,INDIA,West Bengal,Urban,Rural,234768,64045,170723,20096,13546,6550,36818,13726,23092,31224,8225,22999,52583,10329,42254,78795,12588,66207,15252,5631,9621
D0302,0,0,INDIA,West Bengal,Urban,Urban,914518,427507,487011,57014,32174,24840,199055,100621,98434,150722,71930,78792,196247,87048,109199,248897,107257,141640,62583,28477,34106
D0302,0,0,INDIA,Jharkhand,Total,Total,1704827,571981,1132846,132540,79066,53474,302235,125796,176439,257129,87062,170067,379139,108817,270322,511422,125733,385689,122362,45507,76855
D0302,0,0,INDIA,Jharkhand,Total,Rural,880351,179201,701150,77435,45589,31846,122635,32099,90536,114939,18232,96707,193086,25278,167808,312029,40868,271161,60227,17135,43092
D0302,0,0,INDIA,Jharkhand,Total,Urban,824476,392780,431696,55105,33477,21628,179600,93697,85903,142190,68830,73360,186053,83539,102514,199393,84865,114528,62135,28372,33763
D0302,0,0,INDIA,Jharkhand,Rural,Total,1149738,361659,788079,98569,60513,38056,187732,75573,112159,168638,53707,114931,261393,69492,191901,379193,84452,294741,54213,17922,36291
D0302,0,0,INDIA,Jharkhand,Rural,Rural,732024,141595,590429,66803,39502,27301,99249,24539,74710,94614,13980,80634,162881,20197,142684,273483,34799,238684,34994,8578,26416
D0302,0,0,INDIA,Jharkhand,Rural,Urban,417714,220064,197650,31766,21011,10755,88483,51034,37449,74024,39727,34297,98512,49295,49217,105710,49653,56057,19219,9344,9875
D0302,0,0,INDIA,Jharkhand,Urban,Total,472153,179271,292882,28981,15655,13326,104054,45856,58198,79975,30314,49661,106357,35798,70559,115289,36241,79048,37497,15407,22090
D0302,0,0,INDIA,Jharkhand,Urban,Rural,105771,26369,79402,7808,4545,3263,19039,6453,12586,16654,3642,13012,24852,4344,20508,29332,4687,24645,8086,2698,5388
D0302,0,0,INDIA,Jharkhand,Urban,Urban,366382,152902,213480,21173,11110,10063,85015,39403,45612,63321,26672,36649,81505,31454,50051,85957,31554,54403,29411,12709,16702
D0302,0,0,INDIA,Odisha,Total,Total,1271121,601500,669621,104896,62879,42017,300777,166113,134664,219841,111242,108599,255401,110647,144754,311525,112050,199475,78681,38569,40112
D0302,0,0,INDIA,Odisha,Total,Rural,451886,127156,324730,47209,26860,20349,85106,34956,50150,63661,16716,46945,88922,17092,71830,142611,21876,120735,24377,9656,14721
D0302,0,0,INDIA,Odisha,Total,Urban,819235,474344,344891,57687,36019,21668,215671,131157,84514,156180,94526,61654,166479,93555,72924,168914,90174,78740,54304,28913,25391
D0302,0,0,INDIA,Odisha,Rural,Total,866338,403397,462941,73307,44395,28912,197235,111180,86055,149326,75952,73374,180399,77138,103261,233316,79087,154229,32755,15645,17110
D0302,0,0,INDIA,Odisha,Rural,Rural,377637,99505,278132,38816,21703,17113,68410,27211,41199,52880,13156,39724,76166,13737,62429,127707,18660,109047,13658,5038,8620
D0302,0,0,INDIA,Odisha,Rural,Urban,488701,303892,184809,34491,22692,11799,128825,83969,44856,96446,62796,33650,104233,63401,40832,105609,60427,45182,19097,10607,8490
D0302,0,0,INDIA,Odisha,Urban,Total,332109,160333,171776,26025,14995,11030,88794,46233,42561,60024,29358,30666,65345,28967,36378,65380,27772,37608,26541,13008,13533
D0302,0,0,INDIA,Odisha,Urban,Rural,51198,19805,31393,6185,3886,2299,12942,6110,6832,8319,2897,5422,9942,2771,7171,9974,2416,7558,3836,1725,2111
D0302,0,0,INDIA,Odisha,Urban,Urban,280911,140528,140383,19840,11109,8731,75852,40123,35729,51705,26461,25244,55403,26196,29207,55406,25356,30050,22705,11283,11422
D0302,0,0,INDIA,Chhattisgarh,Total,Total,693632,250187,443445,91313,47552,43761,119036,46615,72421,94036,31652,62384,140063,44795,95268,196466,56340,140126,52718,23233,29485
D0302,0,0,INDIA,Chhattisgarh,Total,Rural,339541,95613,243928,61777,32113,29664,46782,14081,32701,40941,9621,31320,60279,11686,48593,105198,17783,87415,24564,10329,14235
D0302,0,0,INDIA,Chhattisgarh,Total,Urban,354091,154574,199517,29536,15439,14097,72254,32534,39720,53095,22031,31064,79784,33109,46675,91268,38557,52711,28154,12904,15250
D0302,0,0,INDIA,Chhattisgarh,Rural,Total,459764,160078,299686,71686,37652,34034,71071,26608,44463,59768,19225,40543,93431,28710,64721,140604,37862,102742,23204,10021,13183
D0302,0,0,INDIA,Chhattisgarh,Rural,Rural,284295,76777,207518,54097,28130,25967,37237,10636,26601,34014,7696,26318,51637,9602,42035,93351,15146,78205,13959,5567,8392
D0302,0,0,INDIA,Chhattisgarh,Rural,Urban,175469,83301,92168,17589,9522,8067,33834,15972,17862,25754,11529,14225,41794,19108,22686,47253,22716,24537,9245,4454,4791
D0302,0,0,INDIA,Chhattisgarh,Urban,Total,197398,76075,121323,15027,7662,7365,43907,18573,25334,31149,11474,19675,42637,14903,27734,49593,16869,32724,15085,6594,8491
D0302,0,0,INDIA,Chhattisgarh,Urban,Rural,34676,11931,22745,4257,2370,1887,7594,2899,4695,5293,1586,3707,6674,1747,4927,8107,2016,6091,2751,1313,1438
D0302,0,0,INDIA,Chhattisgarh,Urban,Urban,162722,64144,98578,10770,5292,5478,36313,15674,20639,25856,9888,15968,35963,13156,22807,41486,14853,26633,12334,5281,7053
D0302,0,0,INDIA,Madhya Pradesh,Total,Total,2979492,997949,1981543,215898,112002,103896,551384,218951,332433,451546,157262,294284,648522,195086,453436,906226,233735,672491,205916,80913,125003
D0302,0,0,INDIA,Madhya Pradesh,Total,Rural,1348654,287842,1060812,105119,52325,52794,213802,58766,155036,187190,39518,147672,297014,50620,246394,466537,60828,405709,78992,25785,53207
D0302,0,0,INDIA,Madhya Pradesh,Total,Urban,1630838,710107,920731,110779,59677,51102,337582,160185,177397,264356,117744,146612,351508,144466,207042,439689,172907,266782,126924,55128,71796
D0302,0,0,INDIA,Madhya Pradesh,Rural,Total,1829629,567305,1262324,146287,77770,68517,327103,126231,200872,275788,90660,185128,411013,113446,297567,588429,130321,458108,81009,28877,52132
D0302,0,0,INDIA,Madhya Pradesh,Rural,Rural,1107041,217234,889807,85866,42546,43320,170934,44474,126460,152888,29850,123038,249600,39184,210416,402871,49023,353848,44882,12157,32725
D0302,0,0,INDIA,Madhya Pradesh,Rural,Urban,722588,350071,372517,60421,35224,25197,156169,81757,74412,122900,60810,62090,161413,74262,87151,185558,81298,104260,36127,16720,19407
D0302,0,0,INDIA,Madhya Pradesh,Urban,Total,1004789,378102,626687,60649,29730,30919,204339,85326,119013,160122,61501,98621,218178,76205,141973,288678,96394,192284,72823,28946,43877
D0302,0,0,INDIA,Madhya Pradesh,Urban,Rural,170015,51305,118710,14422,7567,6855,33607,11994,21613,26607,8046,18561,37267,9645,27622,47233,9709,37524,10879,4344,6535
D0302,0,0,INDIA,Madhya Pradesh,Urban,Urban,834774,326797,507977,46227,22163,24064,170732,73332,97400,133515,53455,80060,180911,66560,114351,241445,86685,154760,61944,24602,37342
D0302,0,0,INDIA,Gujarat,Total,Total,1571862,685510,886352,105752,64401,41351,247151,107004,140147,204635,83170,121465,299997,115712,184285,608439,264805,343634,105888,50418,55470
D0302,0,0,INDIA,Gujarat,Total,Rural,350323,116397,233926,52847,37467,15380,60190,21461,38729,47880,13308,34572,66453,15228,51225,95549,16096,79453,27404,12837,14567
D0302,0,0,INDIA,Gujarat,Total,Urban,1221539,569113,652426,52905,26934,25971,186961,85543,101418,156755,69862,86893,233544,100484,133060,512890,248709,264181,78484,37581,40903
D0302,0,0,INDIA,Gujarat,Rural,Total,699056,284512,414544,32044,16791,15253,90992,35893,55099,84969,31491,53478,141331,51230,90101,328538,140417,188121,21182,8690,12492
D0302,0,0,INDIA,Gujarat,Rural,Rural,201819,40649,161170,15576,8240,7336,31219,8164,23055,28140,5472,22668,43316,6757,36559,74743,9188,65555,8825,2828,5997
D0302,0,0,INDIA,Gujarat,Rural,Urban,497237,243863,253374,16468,8551,7917,59773,27729,32044,56829,26019,30810,98015,44473,53542,253795,131229,122566,12357,5862,6495
D0302,0,0,INDIA,Gujarat,Urban,Total,781433,360708,420725,70796,46158,24638,148498,68096,80402,112244,48749,63495,147334,59979,87355,245200,109513,135687,57361,28213,29148
D0302,0,0,INDIA,Gujarat,Urban,Rural,128265,68750,59515,36228,28656,7572,27101,12779,14322,18033,7433,10600,21003,8084,12919,16926,6416,10510,8974,5382,3592
D0302,0,0,INDIA,Gujarat,Urban,Urban,653168,291958,361210,34568,17502,17066,121397,55317,66080,94211,41316,52895,126331,51895,74436,228274,103097,125177,48387,22831,25556
D0302,0,0,INDIA,Daman & Diu,Total,Total,18906,6830,12076,1202,638,564,3512,1597,1915,2613,951,1662,3973,1195,2778,5867,1681,4186,1739,768,971
D0302,0,0,INDIA,Daman & Diu,Total,Rural,8027,2285,5742,453,223,230,1102,391,711,1053,290,763,1861,418,1443,2694,579,2115,864,384,480
D0302,0,0,INDIA,Daman & Diu,Total,Urban,10879,4545,6334,749,415,334,2410,1206,1204,1560,661,899,2112,777,1335,3173,1102,2071,875,384,491
D0302,0,0,INDIA,Daman & Diu,Rural,Total,6929,1856,5073,303,142,161,1025,371,654,898,249,649,1603,347,1256,2680,591,2089,420,156,264
D0302,0,0,INDIA,Daman & Diu,Rural,Rural,3860,760,3100,139,56,83,492,128,364,482,97,385,967,155,812,1531,247,1284,249,77,172
D0302,0,0,INDIA,Daman & Diu,Rural,Urban,3069,1096,1973,164,86,78,533,243,290,416,152,264,636,192,444,1149,344,805,171,79,92
D0302,0,0,INDIA,Daman & Diu,Urban,Total,11020,4548,6472,871,484,387,2407,1186,1221,1655,681,974,2291,820,1471,3038,1039,1999,758,338,420
D0302,0,0,INDIA,Daman & Diu,Urban,Rural,3708,1298,2410,306,164,142,593,254,339,552,187,365,879,257,622,1121,323,798,257,113,144
D0302,0,0,INDIA,Daman & Diu,Urban,Urban,7312,3250,4062,565,320,245,1814,932,882,1103,494,609,1412,563,849,1917,716,1201,501,225,276
D0302,0,0,INDIA,Dadra & Nagar Haveli,Total,Total,16635,4368,12267,931,465,466,3323,1211,2112,2528,714,1814,3485,685,2800,4667,617,4050,1701,676,1025
D0302,0,0,INDIA,Dadra & Nagar Haveli,Total,Rural,10723,1721,9002,431,175,256,1762,416,1346,1497,216,1281,2337,255,2082,3603,276,3327,1093,383,710
D0302,0,0,INDIA,Dadra & Nagar Haveli,Total,Urban,5912,2647,3265,500,290,210,1561,795,766,1031,498,533,1148,430,718,1064,341,723,608,293,315
D0302,0,0,INDIA,Dadra & Nagar Haveli,Rural,Total,10798,1820,8978,383,136,247,1873,493,1380,1595,311,1284,2507,325,2182,3788,368,3420,652,187,465
D0302,0,0,INDIA,Dadra & Nagar Haveli,Rural,Rural,8694,1027,7667,267,77,190,1408,268,1140,1261,150,1111,2020,172,1848,3214,221,2993,524,139,385
D0302,0,0,INDIA,Dadra & Nagar Haveli,Rural,Urban,2104,793,1311,116,59,57,465,225,240,334,161,173,487,153,334,574,147,427,128,48,80
D0302,0,0,INDIA,Dadra & Nagar Haveli,Urban,Total,4852,2154,2698,509,310,199,1375,692,683,862,384,478,913,347,566,750,218,532,443,203,240
D0302,0,0,INDIA,Dadra & Nagar Haveli,Urban,Rural,1424,493,931,159,96,63,320,146,174,192,59,133,275,80,195,306,45,261,172,67,105
D0302,0,0,INDIA,Dadra & Nagar Haveli,Urban,Urban,3428,1661,1767,350,214,136,1055,546,509,670,325,345,638,267,371,444,173,271,271,136,135
D0302,0,0,INDIA,Maharashtra,Total,Total,3068231,1214092,1854139,219296,114847,104449,562254,227474,334780,470428,182244,288184,646917,240337,406580,899235,326532,572703,270101,122658,147443
D0302,0,0,INDIA,Maharashtra,Total,Rural,1016786,299661,717125,102831,57695,45136,162674,50656,112018,145618,39525,106093,206850,50781,156069,315148,65088,250060,83665,35916,47749
D0302,0,0,INDIA,Maharashtra,Total,Urban,2051445,914431,1137014,116465,57152,59313,399580,176818,222762,324810,142719,182091,440067,189556,250511,584087,261444,322643,186436,86742,99694
D0302,0,0,INDIA,Maharashtra,Rural,Total,1320785,467965,852820,91336,43631,47705,216468,78224,138244,202975,72567,130408,294180,100459,193721,450140,145078,305062,65686,28006,37680
D0302,0,0,INDIA,Maharashtra,Rural,Rural,636391,144746,491645,54964,26142,28822,92849,22761,70088,89050,19247,69803,134642,26324,108318,235539,39854,195685,29347,10418,18929
D0302,0,0,INDIA,Maharashtra,Rural,Urban,684394,323219,361175,36372,17489,18883,123619,55463,68156,113925,53320,60605,159538,74135,85403,214601,105224,109377,36339,17588,18751
D0302,0,0,INDIA,Maharashtra,Urban,Total,1570326,670322,900004,120081,67385,52696,326278,141592,184686,249352,102520,146832,331795,131620,200175,418748,170248,248500,124072,56957,67115
D0302,0,0,INDIA,Maharashtra,Urban,Rural,319808,133476,186332,44716,30065,14651,64957,26597,38360,52050,19166,32884,66513,23083,43430,69642,23354,46288,21930,11211,10719
D0302,0,0,INDIA,Maharashtra,Urban,Urban,1250518,536846,713672,75365,37320,38045,261321,114995,146326,197302,83354,113948,265282,108537,156745,349106,146894,202212,102142,45746,56396
D0302,0,0,INDIA,Andhra Pradesh,Total,Total,2030004,834468,1195536,137280,70049,67231,414202,182693,231509,315011,130579,184432,384728,146574,238154,576322,215477,360845,202461,89096,113365
D0302,0,0,INDIA,Andhra Pradesh,Total,Rural,587273,158638,428635,42140,21563,20577,98247,31757,66490,82309,21602,60707,112348,24518,87830,202525,40992,161533,49704,18206,31498
D0302,0,0,INDIA,Andhra Pradesh,Total,Urban,1442731,675830,766901,95140,48486,46654,315955,150936,165019,232702,108977,123725,272380,122056,150324,373797,174485,199312,152757,70890,81867
D0302,0,0,INDIA,Andhra Pradesh,Rural,Total,957813,356127,601686,55299,27125,28174,169428,67552,101876,151081,57749,93332,201059,70819,130240,333079,113797,219282,47867,19085,28782
D0302,0,0,INDIA,Andhra Pradesh,Rural,Rural,428367,101399,326968,24856,11599,13257,66511,18958,47553,60826,14520,46306,87153,17212,69941,168455,32518,135937,20566,6592,13974
D0302,0,0,INDIA,Andhra Pradesh,Rural,Urban,529446,254728,274718,30443,15526,14917,102917,48594,54323,90255,43229,47026,113906,53607,60299,164624,81279,83345,27301,12493,14808
D0302,0,0,INDIA,Andhra Pradesh,Urban,Total,931689,420383,511306,75566,39906,35660,227057,107732,119325,148877,66771,82106,166812,69449,97363,214744,91505,123239,98633,45020,53613
D0302,0,0,INDIA,Andhra Pradesh,Urban,Rural,113340,42961,70379,15173,9024,6149,26950,11288,15662,17381,6016,11365,20414,6222,14192,24376,6539,17837,9046,3872,5174
D0302,0,0,INDIA,Andhra Pradesh,Urban,Urban,818349,377422,440927,60393,30882,29511,200107,96444,103663,131496,60755,70741,146398,63227,83171,190368,84966,105402,89587,41148,48439
D0302,0,0,INDIA,Karnataka,Total,Total,2502956,986004,1516952,164169,80287,83882,430730,174282,256448,362106,137411,224695,528689,194041,334648,779396,299196,480200,237866,100787,137079
D0302,0,0,INDIA,Karnataka,Total,Rural,980001,289723,690278,77714,37678,40036,155034,49247,105787,139597,39719,99878,210246,55607,154639,295598,69457,226141,101812,38015,63797
D0302,0,0,INDIA,Karnataka,Total,Urban,1522955,696281,826674,86455,42609,43846,275696,125035,150661,222509,97692,124817,318443,138434,180009,483798,229739,254059,136054,62772,73282
D0302,0,0,INDIA,Karnataka,Rural,Total,1346447,494728,851719,88848,42372,46476,214655,80689,133966,196831,70131,126700,306102,106031,200071,469220,168191,301029,70791,27314,43477
D0302,0,0,INDIA,Karnataka,Rural,Rural,694917,186156,508761,53630,24905,28725,105197,30578,74619,99477,25989,73488,157397,38518,118879,237897,52381,185516,41319,13785,27534
D0302,0,0,INDIA,Karnataka,Rural,Urban,651530,308572,342958,35218,17467,17751,109458,50111,59347,97354,44142,53212,148705,67513,81192,231323,115810,115513,29472,13529,15943
D0302,0,0,INDIA,Karnataka,Urban,Total,993622,425963,567659,68960,34994,33966,200203,87592,112611,151228,62144,89084,204144,81494,122650,277874,119298,158576,91213,40441,50772
D0302,0,0,INDIA,Karnataka,Urban,Rural,213826,80505,133321,21502,11712,9790,43848,17008,26840,34858,12422,22436,45940,15547,30393,47455,15346,32109,20223,8470,11753
D0302,0,0,INDIA,Karnataka,Urban,Urban,779796,345458,434338,47458,23282,24176,156355,70584,85771,116370,49722,66648,158204,65947,92257,230419,103952,126467,70990,31971,39019
D0302,0,0,INDIA,Goa,Total,Total,106196,44464,61732,7347,3910,3437,20485,9088,11397,14365,5848,8517,17977,6943,11034,36796,14247,22549,9226,4428,4798
D0302,0,0,INDIA,Goa,Total,Rural,30885,12024,18861,3002,1798,1204,5648,2388,3260,4642,1714,2928,6147,2083,4064,7662,2109,5553,3784,1932,1852
D0302,0,0,INDIA,Goa,Total,Urban,75311,32440,42871,4345,2112,2233,14837,6700,8137,9723,4134,5589,11830,4860,6970,29134,12138,16996,5442,2496,2946
D0302,0,0,INDIA,Goa,Rural,Total,28415,10261,18154,1448,706,742,3864,1525,2339,3347,1154,2193,5169,1639,3530,13649,4829,8820,938,408,530
D0302,0,0,INDIA,Goa,Rural,Rural,12049,3361,8688,822,389,433,1843,629,1214,1747,512,1235,2682,697,1985,4397,897,3500,558,237,321
D0302,0,0,INDIA,Goa,Rural,Urban,16366,6900,9466,626,317,309,2021,896,1125,1600,642,958,2487,942,1545,9252,3932,5320,380,171,209
D0302,0,0,INDIA,Goa,Urban,Total,69177,30498,38679,5668,3095,2573,15963,7299,8664,10465,4476,5989,12097,5053,7044,20474,8447,12027,4510,2128,2382
D0302,0,0,INDIA,Goa,Urban,Rural,15393,7126,8267,2093,1360,733,3606,1682,1924,2700,1145,1555,3214,1321,1893,2873,1146,1727,907,472,435
D0302,0,0,INDIA,Goa,Urban,Urban,53784,23372,30412,3575,1735,1840,12357,5617,6740,7765,3331,4434,8883,3732,5151,17601,7301,10300,3603,1656,1947
D0302,0,0,INDIA,Lakshadweep,Total,Total,15680,8566,7114,713,406,307,1817,889,928,1067,441,626,1321,482,839,1764,544,1220,8998,5804,3194
D0302,0,0,INDIA,Lakshadweep,Total,Rural,9643,5231,4412,229,97,132,542,191,351,386,85,301,610,111,499,988,159,829,6888,4588,2300
D0302,0,0,INDIA,Lakshadweep,Total,Urban,6037,3335,2702,484,309,175,1275,698,577,681,356,325,711,371,340,776,385,391,2110,1216,894
D0302,0,0,INDIA,Lakshadweep,Rural,Total,5641,2465,3176,430,260,170,1093,521,572,630,225,405,796,223,573,1125,238,887,1567,998,569
D0302,0,0,INDIA,Lakshadweep,Rural,Rural,3654,1350,2304,161,73,88,429,146,283,333,62,271,506,75,431,856,113,743,1369,881,488
D0302,0,0,INDIA,Lakshadweep,Rural,Urban,1987,1115,872,269,187,82,664,375,289,297,163,134,290,148,142,269,125,144,198,117,81
D0302,0,0,INDIA,Lakshadweep,Urban,Total,2855,1483,1372,195,108,87,520,267,253,343,176,167,385,197,188,442,206,236,970,529,441
D0302,0,0,INDIA,Lakshadweep,Urban,Rural,348,171,177,25,13,12,64,31,33,26,14,12,44,15,29,43,12,31,146,86,60
D0302,0,0,INDIA,Lakshadweep,Urban,Urban,2507,1312,1195,170,95,75,456,236,220,317,162,155,341,182,159,399,194,205,824,443,381
D0302,0,0,INDIA,Kerala,Total,Total,1291325,595294,696031,74058,36146,37912,263882,115308,148574,183262,81100,102162,246482,108876,137606,393298,192064,201234,130343,61800,68543
D0302,0,0,INDIA,Kerala,Total,Rural,197481,82542,114939,16842,9090,7752,46449,19557,26892,28090,10818,17272,36336,13718,22618,55451,22476,32975,14313,6883,7430
D0302,0,0,INDIA,Kerala,Total,Urban,1093844,512752,581092,57216,27056,30160,217433,95751,121682,155172,70282,84890,210146,95158,114988,337847,169588,168259,116030,54917,61113
D0302,0,0,INDIA,Kerala,Rural,Total,497217,226847,270370,27664,13594,14070,97292,41779,55513,69683,30269,39414,104236,45192,59044,174962,85106,89856,23380,10907,12473
D0302,0,0,INDIA,Kerala,Rural,Rural,123568,49881,73687,9461,4936,4525,27740,11376,16364,17622,6634,10988,24081,8777,15304,39440,15619,23821,5224,2539,2685
D0302,0,0,INDIA,Kerala,Rural,Urban,373649,176966,196683,18203,8658,9545,69552,30403,39149,52061,23635,28426,80155,36415,43740,135522,69487,66035,18156,8368,9788
D0302,0,0,INDIA,Kerala,Urban,Total,708298,329747,378551,42769,20843,21926,155162,68860,86302,105402,47546,57856,131840,59279,72561,198669,98079,100590,74456,35140,39316
D0302,0,0,INDIA,Kerala,Urban,Rural,57771,26067,31704,6437,3693,2744,15914,7143,8771,8712,3548,5164,10180,4206,5974,12496,5533,6963,4032,1944,2088
D0302,0,0,INDIA,Kerala,Urban,Urban,650527,303680,346847,36332,17150,19182,139248,61717,77531,96690,43998,52692,121660,55073,66587,186173,92546,93627,70424,33196,37228
D0302,0,0,INDIA,Tamil Nadu,Total,Total,1985157,923425,1061732,111575,57729,53846,362077,170243,191834,300415,140266,160149,407683,182692,224991,616837,285719,331118,186570,86776,99794
D0302,0,0,INDIA,Tamil Nadu,Total,Rural,498594,193362,305232,33660,18072,15588,84705,35297,49408,72253,28450,43803,105013,38374,66639,165163,57335,107828,37800,15834,21966
D0302,0,0,INDIA,Tamil Nadu,Total,Urban,1486563,730063,756500,77915,39657,38258,277372,134946,142426,228162,111816,116346,302670,144318,158352,451674,228384,223290,148770,70942,77828
D0302,0,0,INDIA,Tamil Nadu,Rural,Total,833434,376908,456526,41927,21247,20680,135591,61758,73833,123450,55958,67492,187945,82303,105642,304946,137902,167044,39575,17740,21835
D0302,0,0,INDIA,Tamil Nadu,Rural,Rural,320708,117779,202929,18288,9159,9129,51223,20573,30650,46259,17623,28636,70581,24623,45958,120867,40512,80355,13490,5289,8201
D0302,0,0,INDIA,Tamil Nadu,Rural,Urban,512726,259129,253597,23639,12088,11551,84368,41185,43183,77191,38335,38856,117364,57680,59684,184079,97390,86689,26085,12451,13634
D0302,0,0,INDIA,Tamil Nadu,Urban,Total,1015261,484746,530515,64686,34072,30614,211916,102079,109837,164162,78717,85445,203572,93457,110115,283763,135860,147903,87162,40561,46601
D0302,0,0,INDIA,Tamil Nadu,Urban,Rural,143170,62209,80961,13919,8231,5688,29578,13167,16411,22718,9603,13115,30363,12268,18095,37293,14646,22647,9299,4294,5005
D0302,0,0,INDIA,Tamil Nadu,Urban,Urban,872091,422537,449554,50767,25841,24926,182338,88912,93426,141444,69114,72330,173209,81189,92020,246470,121214,125256,77863,36267,41596
D0302,0,0,INDIA,Puducherry,Total,Total,288834,121467,167367,13101,5967,7134,50755,21403,29352,46481,19261,27220,60822,24368,36454,59947,22144,37803,57728,28324,29404
D0302,0,0,INDIA,Puducherry,Total,Rural,159399,65144,94255,6750,3076,3674,26224,10656,15568,25815,10406,15409,33542,13004,20538,30916,9728,21188,36152,18274,17878
D0302,0,0,INDIA,Puducherry,Total,Urban,129435,56323,73112,6351,2891,3460,24531,10747,13784,20666,8855,11811,27280,11364,15916,29031,12416,16615,21576,10050,11526
D0302,0,0,INDIA,Puducherry,Rural,Total,72163,23819,48344,3040,1249,1791,12383,4386,7997,11562,4048,7514,16579,5389,11190,21086,5312,15774,7513,3435,4078
D0302,0,0,INDIA,Puducherry,Rural,Rural,57863,18194,39669,2358,961,1397,9634,3276,6358,9369,3182,6187,13418,4194,9224,16702,3650,13052,6382,2931,3451
D0302,0,0,INDIA,Puducherry,Rural,Urban,14300,5625,8675,682,288,394,2749,1110,1639,2193,866,1327,3161,1195,1966,4384,1662,2722,1131,504,627
D0302,0,0,INDIA,Puducherry,Urban,Total,189284,84759,104525,9717,4586,5131,37318,16635,20683,34023,14877,19146,43103,18566,24537,37193,16325,20868,27930,13770,14160
D0302,0,0,INDIA,Puducherry,Urban,Rural,83106,38043,45063,4243,2064,2179,16124,7229,8895,16018,7074,8944,19604,8650,10954,13438,5922,7516,13679,7104,6575
D0302,0,0,INDIA,Puducherry,Urban,Urban,106178,46716,59462,5474,2522,2952,21194,9406,11788,18005,7803,10202,23499,9916,13583,23755,10403,13352,14251,6666,7585
D0302,0,0,INDIA,Andaman & Nicobar Islands,Total,Total,20700,9411,11289,2135,1046,1089,6757,2928,3829,3993,1790,2203,3334,1495,1839,2475,1158,1317,2006,994,1012
D0302,0,0,INDIA,Andaman & Nicobar Islands,Total,Rural,7372,3356,4016,749,406,343,1862,828,1034,1480,638,842,1444,596,848,1046,450,596,791,438,353
D0302,0,0,INDIA,Andaman & Nicobar Islands,Total,Urban,13328,6055,7273,1386,640,746,4895,2100,2795,2513,1152,1361,1890,899,991,1429,708,721,1215,556,659
D0302,0,0,INDIA,Andaman & Nicobar Islands,Rural,Total,5388,2347,3041,475,242,233,1511,653,858,1099,479,620,1039,421,618,929,386,543,335,166,169
D0302,0,0,INDIA,Andaman & Nicobar Islands,Rural,Rural,2968,1196,1772,271,134,137,694,272,422,642,267,375,651,240,411,522,185,337,188,98,90
D0302,0,0,INDIA,Andaman & Nicobar Islands,Rural,Urban,2420,1151,1269,204,108,96,817,381,436,457,212,245,388,181,207,407,201,206,147,68,79
D0302,0,0,INDIA,Andaman & Nicobar Islands,Urban,Total,12612,5782,6830,1464,693,771,4711,2013,2698,2451,1123,1328,1913,903,1010,1253,627,626,820,423,397
D0302,0,0,INDIA,Andaman & Nicobar Islands,Urban,Rural,3085,1501,1584,394,227,167,918,423,495,596,268,328,600,273,327,386,193,193,191,117,74
D0302,0,0,INDIA,Andaman & Nicobar Islands,Urban,Urban,9527,4281,5246,1070,466,604,3793,1590,2203,1855,855,1000,1313,630,683,867,434,433,629,306,323
D0302,0,0,INDIA,Last residence outside India,Total,Total,5491194,2513665,2977529,199375,117611,81764,489591,211653,277938,423211,163969,259242,761876,286806,475070,3069045,1438829,1630216,548096,294797,253299
D0302,0,0,INDIA,Last residence outside India,Total,Rural,2651342,1066496,1584846,93070,55538,37532,210354,69743,140611,201882,55627,146255,395061,111009,284052,1479383,625408,853975,271592,149171,122421
D0302,0,0,INDIA,Last residence outside India,Total,Urban,2839852,1447169,1392683,106305,62073,44232,279237,141910,137327,221329,108342,112987,366815,175797,191018,1589662,813421,776241,276504,145626,130878
D0302,0,0,INDIA,Countries in Asia beyond India,Total,Total,4509010,2150435,2358575,143736,90649,53087,337434,155509,181925,303674,125497,178177,597303,240669,356634,2816874,1375818,1441056,309989,162293,147696
D0302,0,0,INDIA,Countries in Asia beyond India,Total,Rural,2127319,920328,1206991,69084,44943,24141,146334,55158,91176,144051,45000,99051,304322,97138,207184,1325610,605893,719717,137918,72196,65722
D0302,0,0,INDIA,Countries in Asia beyond India,Total,Urban,2381691,1230107,1151584,74652,45706,28946,191100,100351,90749,159623,80497,79126,292981,143531,149450,1491264,769925,721339,172071,90097,81974
D0302,0,0,INDIA,Countries in Asia beyond India,Afganistan,Total,6596,3514,3082,355,249,106,1093,623,470,633,305,328,2217,1110,1107,1865,979,886,433,248,185
D0302,0,0,INDIA,Countries in Asia beyond India,Afganistan,Rural,468,182,286,23,22,1,74,33,41,56,19,37,99,16,83,136,38,98,80,54,26
D0302,0,0,INDIA,Countries in Asia beyond India,Afganistan,Urban,6128,3332,2796,332,227,105,1019,590,429,577,286,291,2118,1094,1024,1729,941,788,353,194,159
D0302,0,0,INDIA,Countries in Asia beyond India,Bangladesh,Total,2304305,1176696,1127609,21961,11293,10668,62403,28297,34106,87454,39686,47768,270095,126485,143610,1760917,915974,844943,101475,54961,46514
D0302,0,0,INDIA,Countries in Asia beyond India,Bangladesh,Rural,1116911,569979,546932,8208,4125,4083,22906,9775,13131,37565,16414,21151,131005,61125,69880,873192,453217,419975,44035,25323,18712
D0302,0,0,INDIA,Countries in Asia beyond India,Bangladesh,Urban,1187394,606717,580677,13753,7168,6585,39497,18522,20975,49889,23272,26617,139090,65360,73730,887725,462757,424968,57440,29638,27802
D0302,0,0,INDIA,Countries in Asia beyond India,Bhutan,Total,9007,4508,4499,605,345,260,1970,1098,872,1271,671,600,1932,967,965,2597,1082,1515,632,345,287
D0302,0,0,INDIA,Countries in Asia beyond India,Bhutan,Rural,4220,1674,2546,252,168,84,719,381,338,512,203,309,783,239,544,1605,494,1111,349,189,160
D0302,0,0,INDIA,Countries in Asia beyond India,Bhutan,Urban,4787,2834,1953,353,177,176,1251,717,534,759,468,291,1149,728,421,992,588,404,283,156,127
D0302,0,0,INDIA,Countries in Asia beyond India,China,Total,13537,9763,3774,2484,2188,296,2450,1880,570,1817,1421,396,1919,1447,472,4392,2542,1850,475,285,190
D0302,0,0,INDIA,Countries in Asia beyond India,China,Rural,8369,6469,1900,1804,1654,150,1348,1195,153,1010,876,134,1126,924,202,2829,1639,1190,252,181,71
D0302,0,0,INDIA,Countries in Asia beyond India,China,Urban,5168,3294,1874,680,534,146,1102,685,417,807,545,262,793,523,270,1563,903,660,223,104,119
D0302,0,0,INDIA,Countries in Asia beyond India,Indonesia,Total,1182,517,665,128,71,57,321,131,190,166,70,96,171,77,94,316,121,195,80,47,33
D0302,0,0,INDIA,Countries in Asia beyond India,Indonesia,Rural,184,69,115,19,12,7,29,9,20,23,6,17,30,3,27,54,20,34,29,19,10
D0302,0,0,INDIA,Countries in Asia beyond India,Indonesia,Urban,998,448,550,109,59,50,292,122,170,143,64,79,141,74,67,262,101,161,51,28,23
D0302,0,0,INDIA,Countries in Asia beyond India,Iran,Total,1856,963,893,156,93,63,647,347,300,193,103,90,226,112,114,525,244,281,109,64,45
D0302,0,0,INDIA,Countries in Asia beyond India,Iran,Rural,137,91,46,37,28,9,38,23,15,3,2,1,25,12,13,25,17,8,9,9,0
D0302,0,0,INDIA,Countries in Asia beyond India,Iran,Urban,1719,872,847,119,65,54,609,324,285,190,101,89,201,100,101,500,227,273,100,55,45
D0302,0,0,INDIA,Countries in Asia beyond India,Iraq,Total,722,502,220,174,156,18,200,134,66,54,35,19,56,32,24,188,110,78,50,35,15
D0302,0,0,INDIA,Countries in Asia beyond India,Iraq,Rural,202,184,18,98,95,3,42,38,4,14,13,1,12,9,3,24,17,7,12,12,0
D0302,0,0,INDIA,Countries in Asia beyond India,Iraq,Urban,520,318,202,76,61,15,158,96,62,40,22,18,44,23,21,164,93,71,38,23,15
D0302,0,0,INDIA,Countries in Asia beyond India,Japan,Total,1346,675,671,205,115,90,550,304,246,189,85,104,149,63,86,157,62,95,96,46,50
D0302,0,0,INDIA,Countries in Asia beyond India,Japan,Rural,154,79,75,25,19,6,50,33,17,18,6,12,25,7,18,24,7,17,12,7,5
D0302,0,0,INDIA,Countries in Asia beyond India,Japan,Urban,1192,596,596,180,96,84,500,271,229,171,79,92,124,56,68,133,55,78,84,39,45
D0302,0,0,INDIA,Countries in Asia beyond India,Kuwait,Total,15371,9224,6147,2692,1959,733,3715,2207,1508,2159,1193,966,2773,1524,1249,2988,1650,1338,1044,691,353
D0302,0,0,INDIA,Countries in Asia beyond India,Kuwait,Rural,5162,3430,1732,1394,1068,326,1366,879,487,610,373,237,770,461,309,650,381,269,372,268,104
D0302,0,0,INDIA,Countries in Asia beyond India,Kuwait,Urban,10209,5794,4415,1298,891,407,2349,1328,1021,1549,820,729,2003,1063,940,2338,1269,1069,672,423,249
D0302,0,0,INDIA,Countries in Asia beyond India,Malaysia,Total,11284,5774,5510,898,604,294,1962,1234,728,918,531,387,922,479,443,5747,2407,3340,837,519,318
D0302,0,0,INDIA,Countries in Asia beyond India,Malaysia,Rural,5609,3002,2607,443,344,99,843,620,223,302,219,83,324,182,142,3211,1318,1893,486,319,167
D0302,0,0,INDIA,Countries in Asia beyond India,Malaysia,Urban,5675,2772,2903,455,260,195,1119,614,505,616,312,304,598,297,301,2536,1089,1447,351,200,151
D0302,0,0,INDIA,Countries in Asia beyond India,Maldives,Total,835,430,405,191,102,89,335,158,177,91,54,37,71,36,35,53,23,30,94,57,37
D0302,0,0,INDIA,Countries in Asia beyond India,Maldives,Rural,168,114,54,58,37,21,53,37,16,19,15,4,11,7,4,15,7,8,12,11,1
D0302,0,0,INDIA,Countries in Asia beyond India,Maldives,Urban,667,316,351,133,65,68,282,121,161,72,39,33,60,29,31,38,16,22,82,46,36
D0302,0,0,INDIA,Countries in Asia beyond India,Mayanmar,Total,36419,17532,18887,1147,631,516,4315,1976,2339,3264,1526,1738,4654,2137,2517,21293,10422,10871,1746,840,906
D0302,0,0,INDIA,Countries in Asia beyond India,Mayanmar,Rural,10558,5099,5459,273,157,116,1398,636,762,1517,725,792,2096,974,1122,4780,2334,2446,494,273,221
D0302,0,0,INDIA,Countries in Asia beyond India,Mayanmar,Urban,25861,12433,13428,874,474,400,2917,1340,1577,1747,801,946,2558,1163,1395,16513,8088,8425,1252,567,685
D0302,0,0,INDIA,Countries in Asia beyond India,Nepal,Total,778224,254608,523616,52990,33228,19762,135548,56124,79424,115125,38938,76187,179678,48594,131084,240229,56924,183305,54654,20800,33854
D0302,0,0,INDIA,Countries in Asia beyond India,Nepal,Rural,495031,100251,394780,30434,19274,11160,73032,20904,52128,67724,13118,54606,116438,15377,101061,173501,21473,152028,33902,10105,23797
D0302,0,0,INDIA,Countries in Asia beyond India,Nepal,Urban,283193,154357,128836,22556,13954,8602,62516,35220,27296,47401,25820,21581,63240,33217,30023,66728,35451,31277,20752,10695,10057
D0302,0,0,INDIA,Countries in Asia beyond India,Pakistan,Total,707974,367129,340845,6405,3134,3271,20493,9616,10877,19239,8939,10300,35322,16628,18694,558032,289003,269029,68483,39809,28674
D0302,0,0,INDIA,Countries in Asia beyond India,Pakistan,Rural,188256,103356,84900,1500,717,783,4604,1932,2672,4114,1565,2549,7399,2907,4492,149482,81320,68162,21157,14915,6242
D0302,0,0,INDIA,Countries in Asia beyond India,Pakistan,Urban,519718,263773,255945,4905,2417,2488,15889,7684,8205,15125,7374,7751,27923,13721,14202,408550,207683,200867,47326,24894,22432
D0302,0,0,INDIA,Countries in Asia beyond India,Saudi Arabia,Total,37112,26158,10954,9099,7336,1763,10015,6873,3142,5903,3730,2173,6273,4061,2212,2611,1814,797,3211,2344,867
D0302,0,0,INDIA,Countries in Asia beyond India,Saudi Arabia,Rural,16226,12051,4175,4822,3999,823,4429,3224,1205,2501,1620,881,2407,1613,794,846,618,228,1221,977,244
D0302,0,0,INDIA,Countries in Asia beyond India,Saudi Arabia,Urban,20886,14107,6779,4277,3337,940,5586,3649,1937,3402,2110,1292,3866,2448,1418,1765,1196,569,1990,1367,623
D0302,0,0,INDIA,Countries in Asia beyond India,Singapore,Total,9678,5613,4065,1363,971,392,2545,1627,918,1184,728,456,955,559,396,2702,1119,1583,929,609,320
D0302,0,0,INDIA,Countries in Asia beyond India,Singapore,Rural,3466,2175,1291,521,416,105,723,596,127,284,199,85,306,201,105,1254,488,766,378,275,103
D0302,0,0,INDIA,Countries in Asia beyond India,Singapore,Urban,6212,3438,2774,842,555,287,1822,1031,791,900,529,371,649,358,291,1448,631,817,551,334,217
D0302,0,0,INDIA,Countries in Asia beyond India,Sri Lanka,Total,124709,61944,62765,1327,683,644,7168,3338,3830,4860,2269,2591,9779,4279,5500,96642,48832,47810,4933,2543,2390
D0302,0,0,INDIA,Countries in Asia beyond India,Sri Lanka,Rural,64116,31814,32302,505,259,246,2026,975,1051,1992,923,1069,4106,1781,2325,53072,26615,26457,2415,1261,1154
D0302,0,0,INDIA,Countries in Asia beyond India,Sri Lanka,Urban,60593,30130,30463,822,424,398,5142,2363,2779,2868,1346,1522,5673,2498,3175,43570,22217,21353,2518,1282,1236
D0302,0,0,INDIA,Countries in Asia beyond India,Turkey,Total,64,30,34,13,7,6,33,15,18,8,4,4,6,3,3,2,0,2,2,1,1
D0302,0,0,INDIA,Countries in Asia beyond India,Turkey,Rural,7,4,3,2,2,0,2,0,2,0,0,0,2,1,1,0,0,0,1,1,0
D0302,0,0,INDIA,Countries in Asia beyond India,Turkey,Urban,57,26,31,11,5,6,31,15,16,8,4,4,4,2,2,2,0,2,1,0,1
D0302,0,0,INDIA,Countries in Asia beyond India,United Arab Emirates,Total,69607,46188,23419,15842,12368,3474,18795,12292,6503,10649,6358,4291,12860,7592,5268,6590,4216,2374,4871,3362,1509
D0302,0,0,INDIA,Countries in Asia beyond India,United Arab Emirates,Rural,23809,17772,6037,7156,6010,1146,6094,4594,1500,3175,2118,1057,4011,2513,1498,1817,1291,526,1556,1246,310
D0302,0,0,INDIA,Countries in Asia beyond India,United Arab Emirates,Urban,45798,28416,17382,8686,6358,2328,12701,7698,5003,7474,4240,3234,8849,5079,3770,4773,2925,1848,3315,2116,1199
D0302,0,0,INDIA,Countries in Asia beyond India,Kazakstan,Total,79,36,43,9,5,4,34,17,17,16,6,10,13,4,9,4,1,3,3,3,0
D0302,0,0,INDIA,Countries in Asia beyond India,Kazakstan,Rural,25,13,12,2,1,1,13,12,1,3,0,3,4,0,4,3,0,3,0,0,0
D0302,0,0,INDIA,Countries in Asia beyond India,Kazakstan,Urban,54,23,31,7,4,3,21,5,16,13,6,7,9,4,5,1,1,0,3,3,0
D0302,0,0,INDIA,Countries in Asia beyond India,Vietnam,Total,1003,244,759,31,14,17,153,50,103,124,30,94,182,28,154,396,77,319,117,45,72
D0302,0,0,INDIA,Countries in Asia beyond India,Vietnam,Rural,610,74,536,16,4,12,70,11,59,80,8,72,125,8,117,230,11,219,89,32,57
D0302,0,0,INDIA,Countries in Asia beyond India,Vietnam,Urban,393,170,223,15,10,5,83,39,44,44,22,22,57,20,37,166,66,100,28,13,15
D0302,0,0,INDIA,Countries in Asia beyond India,Elsewhere,Total,378100,158387,219713,25661,15097,10564,62689,27168,35521,48357,18815,29542,67050,24452,42598,108628,38216,70412,65715,34639,31076
D0302,0,0,INDIA,Countries in Asia beyond India,Elsewhere,Rural,183631,62446,121185,11492,6532,4960,26475,9251,17224,22529,6578,15951,33218,8778,24440,58860,14588,44272,31057,16719,14338
D0302,0,0,INDIA,Countries in Asia beyond India,Elsewhere,Urban,194469,95941,98528,14169,8565,5604,36214,17917,18297,25828,12237,13591,33832,15674,18158,49768,23628,26140,34658,17920,16738
D0302,0,0,INDIA,Countries in Europe,Total,Total,106580,39396,67184,10882,5617,5265,21472,8611,12861,13955,4754,9201,17803,5224,12579,26265,6728,19537,16203,8462,7741
D0302,0,0,INDIA,Countries in Europe,Total,Rural,50921,12780,38141,4207,2064,2143,7713,1999,5714,6203,1246,4957,9301,1438,7863,15545,1869,13676,7952,4164,3788
D0302,0,0,INDIA,Countries in Europe,Total,Urban,55659,26616,29043,6675,3553,3122,13759,6612,7147,7752,3508,4244,8502,3786,4716,10720,4859,5861,8251,4298,3953
D0302,0,0,INDIA,Countries in Europe,France,Total,1597,798,799,314,163,151,457,245,212,225,109,116,214,98,116,227,109,118,160,74,86
D0302,0,0,INDIA,Countries in Europe,France,Rural,282,136,146,81,37,44,71,36,35,35,20,15,27,12,15,50,25,25,18,6,12
D0302,0,0,INDIA,Countries in Europe,France,Urban,1315,662,653,233,126,107,386,209,177,190,89,101,187,86,101,177,84,93,142,68,74
D0302,0,0,INDIA,Countries in Europe,Germany,Total,2271,1157,1114,403,202,201,714,377,337,282,140,142,291,143,148,391,194,197,190,101,89
D0302,0,0,INDIA,Countries in Europe,Germany,Rural,597,292,305,143,72,71,157,82,75,64,27,37,68,27,41,124,63,61,41,21,20
D0302,0,0,INDIA,Countries in Europe,Germany,Urban,1674,865,809,260,130,130,557,295,262,218,113,105,223,116,107,267,131,136,149,80,69
D0302,0,0,INDIA,Countries in Europe,Portugal,Total,122,61,61,26,14,12,31,14,17,11,6,5,16,7,9,31,15,16,7,5,2
D0302,0,0,INDIA,Countries in Europe,Portugal,Rural,38,18,20,19,10,9,7,2,5,5,3,2,3,1,2,2,1,1,2,1,1
D0302,0,0,INDIA,Countries in Europe,Portugal,Urban,84,43,41,7,4,3,24,12,12,6,3,3,13,6,7,29,14,15,5,4,1
D0302,0,0,INDIA,Countries in Europe,UK,Total,11304,5867,5437,2667,1413,1254,3506,1823,1683,1371,677,694,1087,548,539,1392,734,658,1281,672,609
D0302,0,0,INDIA,Countries in Europe,UK,Rural,2174,1158,1016,923,495,428,543,297,246,174,85,89,130,63,67,131,68,63,273,150,123
D0302,0,0,INDIA,Countries in Europe,UK,Urban,9130,4709,4421,1744,918,826,2963,1526,1437,1197,592,605,957,485,472,1261,666,595,1008,522,486
D0302,0,0,INDIA,Countries in Europe,Elsewhere,Total,91286,31513,59773,7472,3825,3647,16764,6152,10612,12066,3822,8244,16195,4428,11767,24224,5676,18548,14565,7610,6955
D0302,0,0,INDIA,Countries in Europe,Elsewhere,Rural,47830,11176,36654,3041,1450,1591,6935,1582,5353,5925,1111,4814,9073,1335,7738,15238,1712,13526,7618,3986,3632
D0302,0,0,INDIA,Countries in Europe,Elsewhere,Urban,43456,20337,23119,4431,2375,2056,9829,4570,5259,6141,2711,3430,7122,3093,4029,8986,3964,5022,6947,3624,3323
D0302,0,0,INDIA,Countries in Africa,Total,Total,381362,125076,256286,15954,7336,8618,54090,18055,36035,48753,14587,34166,73523,19905,53618,116410,27968,88442,72632,37225,35407
D0302,0,0,INDIA,Countries in Africa,Total,Rural,207406,45500,161906,7828,3244,4584,26478,5459,21019,25315,4269,21046,41035,5911,35124,70762,8368,62394,35988,18249,17739
D0302,0,0,INDIA,Countries in Africa,Total,Urban,173956,79576,94380,8126,4092,4034,27612,12596,15016,23438,10318,13120,32488,13994,18494,45648,19600,26048,36644,18976,17668
D0302,0,0,INDIA,Countries in Africa,Kenya,Total,2192,1063,1129,122,69,53,430,235,195,275,134,141,356,169,187,894,393,501,115,63,52
D0302,0,0,INDIA,Countries in Africa,Kenya,Rural,370,180,190,28,18,10,86,45,41,38,20,18,54,26,28,145,58,87,19,13,6
D0302,0,0,INDIA,Countries in Africa,Kenya,Urban,1822,883,939,94,51,43,344,190,154,237,114,123,302,143,159,749,335,414,96,50,46
D0302,0,0,INDIA,Countries in Africa,Mauritius,Total,223,104,119,21,11,10,82,44,38,36,12,24,23,9,14,45,20,25,16,8,8
D0302,0,0,INDIA,Countries in Africa,Mauritius,Rural,28,16,12,6,5,1,9,5,4,3,1,2,4,2,2,4,1,3,2,2,0
D0302,0,0,INDIA,Countries in Africa,Mauritius,Urban,195,88,107,15,6,9,73,39,34,33,11,22,19,7,12,41,19,22,14,6,8
D0302,0,0,INDIA,Countries in Africa,Nigeria,Total,1052,620,432,131,82,49,282,178,104,126,63,63,141,76,65,314,182,132,58,39,19
D0302,0,0,INDIA,Countries in Africa,Nigeria,Rural,116,62,54,18,9,9,26,16,10,6,3,3,16,6,10,45,25,20,5,3,2
D0302,0,0,INDIA,Countries in Africa,Nigeria,Urban,936,558,378,113,73,40,256,162,94,120,60,60,125,70,55,269,157,112,53,36,17
D0302,0,0,INDIA,Countries in Africa,Uganda,Total,636,294,342,52,29,23,142,71,71,38,20,18,71,31,40,296,127,169,37,16,21
D0302,0,0,INDIA,Countries in Africa,Uganda,Rural,108,48,60,8,4,4,19,11,8,6,3,3,15,5,10,55,23,32,5,2,3
D0302,0,0,INDIA,Countries in Africa,Uganda,Urban,528,246,282,44,25,19,123,60,63,32,17,15,56,26,30,241,104,137,32,14,18
D0302,0,0,INDIA,Countries in Africa,Zambia,Total,361,135,226,20,12,8,50,22,28,38,11,27,56,17,39,164,60,104,33,13,20
D0302,0,0,INDIA,Countries in Africa,Zambia,Rural,139,27,112,5,3,2,19,3,16,13,1,12,20,3,17,65,11,54,17,6,11
D0302,0,0,INDIA,Countries in Africa,Zambia,Urban,222,108,114,15,9,6,31,19,12,25,10,15,36,14,22,99,49,50,16,7,9
D0302,0,0,INDIA,Countries in Africa,Elsewhere,Total,376898,122860,254038,15608,7133,8475,53104,17505,35599,48240,14347,33893,72876,19603,53273,114697,27186,87511,72373,37086,35287
D0302,0,0,INDIA,Countries in Africa,Elsewhere,Rural,206645,45167,161478,7763,3205,4558,26319,5379,20940,25249,4241,21008,40926,5869,35057,70448,8250,62198,35940,18223,17717
D0302,0,0,INDIA,Countries in Africa,Elsewhere,Urban,170253,77693,92560,7845,3928,3917,26785,12126,14659,22991,10106,12885,31950,13734,18216,44249,18936,25313,36433,18863,17570
D0302,0,0,INDIA,Countries in the Americas,Total,Total,400518,165015,235503,23615,11509,12106,61905,24189,37716,44946,15294,29652,56075,15990,40085,83613,21297,62316,130364,76736,53628
D0302,0,0,INDIA,Countries in the Americas,Total,Rural,214618,74199,140419,9384,4158,5226,22772,5349,17423,20071,3802,16269,30816,4743,26073,51751,6882,44869,79824,49265,30559
D0302,0,0,INDIA,Countries in the Americas,Total,Urban,185900,90816,95084,14231,7351,6880,39133,18840,20293,24875,11492,13383,25259,11247,14012,31862,14415,17447,50540,27471,23069
D0302,0,0,INDIA,Countries in the Americas,Canada,Total,5269,2610,2659,1707,866,841,1521,695,826,564,288,276,402,194,208,333,175,158,742,392,350
D0302,0,0,INDIA,Countries in the Americas,Canada,Rural,1988,991,997,969,492,477,416,209,207,143,64,79,94,39,55,40,19,21,326,168,158
D0302,0,0,INDIA,Countries in the Americas,Canada,Urban,3281,1619,1662,738,374,364,1105,486,619,421,224,197,308,155,153,293,156,137,416,224,192
D0302,0,0,INDIA,Countries in the Americas,U.S.A.,Total,37785,20121,17664,7006,3753,3253,13978,7308,6670,6392,3356,3036,2957,1542,1415,2151,1268,883,5301,2894,2407
D0302,0,0,INDIA,Countries in the Americas,U.S.A.,Rural,4171,2233,1938,1460,784,676,1250,654,596,461,252,209,310,148,162,148,68,80,542,327,215
D0302,0,0,INDIA,Countries in the Americas,U.S.A.,Urban,33614,17888,15726,5546,2969,2577,12728,6654,6074,5931,3104,2827,2647,1394,1253,2003,1200,803,4759,2567,2192
D0302,0,0,INDIA,Countries in the Americas,Elsewhere,Total,357464,142284,215180,14902,6890,8012,46406,16186,30220,37990,11650,26340,52716,14254,38462,81129,19854,61275,124321,73450,50871
D0302,0,0,INDIA,Countries in the Americas,Elsewhere,Rural,208459,70975,137484,6955,2882,4073,21106,4486,16620,19467,3486,15981,30412,4556,25856,51563,6795,44768,78956,48770,30186
D0302,0,0,INDIA,Countries in the Americas,Elsewhere,Urban,149005,71309,77696,7947,4008,3939,25300,11700,13600,18523,8164,10359,22304,9698,12606,29566,13059,16507,45365,24680,20685
D0302,0,0,INDIA,Countries in Oceania,Total,Total,93724,33743,59981,5188,2500,2688,14690,5289,9401,11883,3837,8046,17172,5018,12154,25883,7018,18865,18908,10081,8827
D0302,0,0,INDIA,Countries in Oceania,Total,Rural,51078,13689,37389,2567,1129,1438,7057,1778,5279,6242,1310,4932,9587,1779,7808,15715,2396,13319,9910,5297,4613
D0302,0,0,INDIA,Countries in Oceania,Total,Urban,42646,20054,22592,2621,1371,1250,7633,3511,4122,5641,2527,3114,7585,3239,4346,10168,4622,5546,8998,4784,4214
D0302,0,0,INDIA,Countries in Oceania,Australia,Total,4162,2178,1984,1061,584,477,1217,645,572,372,181,191,306,129,177,364,154,210,842,485,357
D0302,0,0,INDIA,Countries in Oceania,Australia,Rural,1383,638,745,431,237,194,303,147,156,86,21,65,106,23,83,151,24,127,306,186,120
D0302,0,0,INDIA,Countries in Oceania,Australia,Urban,2779,1540,1239,630,347,283,914,498,416,286,160,126,200,106,94,213,130,83,536,299,237
D0302,0,0,INDIA,Countries in Oceania,Fiji,Total,135,49,86,14,6,8,37,16,21,12,4,8,19,3,16,46,16,30,7,4,3
D0302,0,0,INDIA,Countries in Oceania,Fiji,Rural,18,8,10,0,0,0,0,0,0,0,0,0,3,0,3,12,6,6,3,2,1
D0302,0,0,INDIA,Countries in Oceania,Fiji,Urban,117,41,76,14,6,8,37,16,21,12,4,8,16,3,13,34,10,24,4,2,2
D0302,0,0,INDIA,Countries in Oceania,Elsewhere,Total,89427,31516,57911,4113,1910,2203,13436,4628,8808,11499,3652,7847,16847,4886,11961,25473,6848,18625,18059,9592,8467
D0302,0,0,INDIA,Countries in Oceania,Elsewhere,Rural,49677,13043,36634,2136,892,1244,6754,1631,5123,6156,1289,4867,9478,1756,7722,15552,2366,13186,9601,5109,4492
D0302,0,0,INDIA,Countries in Oceania,Elsewhere,Urban,39750,18473,21277,1977,1018,959,6682,2997,3685,5343,2363,2980,7369,3130,4239,9921,4482,5439,8458,4483,3975
D0302,0,0,INDIA,Unclassifiable,Total,Total,379009,164650,214359,19963,10646,9317,62994,27898,35096,52699,21902,30797,70318,27240,43078,82546,28746,53800,90489,48218,42271
D0302,0,0,INDIA,Unclassifiable,Total,Rural,135809,49393,86416,7347,4067,3280,17629,6257,11372,14817,4275,10542,21764,5136,16628,34017,6455,27562,40235,23203,17032
D0302,0,0,INDIA,Unclassifiable,Total,Urban,243200,115257,127943,12616,6579,6037,45365,21641,23724,37882,17627,20255,48554,22104,26450,48529,22291,26238,50254,25015,25239
